1.000000E+00 1.000000E+00 3.406000E-03 1.027300E-02 1.186647E+00 6.598790E-01 -1.172784E+00 1.186657E+00 6.598500E-01 -1.172850E+00 -1.299557E-04 1.390057E-03 2.087779E-03 0.000000E+00 0.000000E+00 0.000000E+00 -7.351631E-02 -7.200824E-01 -6.899831E-01 9.950302E-01 -6.371358E-03 -9.936917E-02 6.715785E-02 -6.938593E-01 7.169722E-01 -7.341980E-02 -7.207855E-01 -6.892583E-01 9.950344E-01 -6.376140E-03 -9.932343E-02 6.719586E-02 -6.931283E-01 7.176752E-01 2.272431E-05 9.581229E-04 9.245605E-04 0.000000E+00 0.000000E+00 0.000000E+00
1.000000E+00 1.000000E+00 8.917000E-03 1.028900E-02 1.186649E+00 6.598810E-01 -1.172782E+00 1.186657E+00 6.598500E-01 -1.172850E+00 8.485616E-06 9.344698E-04 1.359518E-03 0.000000E+00 0.000000E+00 0.000000E+00 -7.344678E-02 -7.200296E-01 -6.900461E-01 9.950361E-01 -6.317275E-03 -9.931724E-02 6.715235E-02 -6.939151E-01 7.169188E-01 -7.351631E-02 -7.200824E-01 -6.899831E-01 9.950302E-01 -6.371358E-03 -9.936917E-02 6.715785E-02 -6.938593E-01 7.169722E-01 4.485257E-04 1.053135E-03 4.684051E-04 2.272431E-05 9.581229E-04 9.245605E-04
-1.000000E+00 1.000000E+00 7.791000E-03 1.028900E-02 1.186649E+00 6.598810E-01 -1.172782E+00 1.186657E+00 6.598500E-01 -1.172850E+00 8.485616E-06 9.344698E-04 1.359518E-03 0.000000E+00 0.000000E+00 0.000000E+00 -7.344678E-02 -7.200296E-01 -6.900461E-01 9.950361E-01 -6.317275E-03 -9.931724E-02 6.715235E-02 -6.939151E-01 7.169188E-01 -7.344678E-02 -7.200296E-01 -6.900461E-01 9.950361E-01 -6.317275E-03 -9.931724E-02 6.715235E-02 -6.939151E-01 7.169188E-01 -3.250188E-04 -2.313752E-05 5.366765E-05 4.485257E-04 1.053135E-03 4.684051E-04
1.000000E+00 1.000000E+00 1.403800E-02 1.028700E-02 1.186653E+00 6.598760E-01 -1.172789E+00 1.186657E+00 6.598500E-01 -1.172850E+00 1.473960E-04 2.859593E-04 4.258466E-04 0.000000E+00 0.000000E+00 0.000000E+00 -7.345207E-02 -7.199902E-01 -6.900871E-01 9.950382E-01 -6.337938E-03 -9.929788E-02 6.712016E-02 -6.939562E-01 7.168822E-01 -7.344678E-02 -7.200296E-01 -6.900461E-01 9.950361E-01 -6.317275E-03 -9.931724E-02 6.715235E-02 -6.939151E-01 7.169188E-01 1.189471E-04 1.059622E-03 2.427462E-04 -3.250188E-04 -2.313752E-05 5.366765E-05
-1.000000E+00 1.000000E+00 1.403800E-02 5.154000E-03 1.186653E+00 6.598760E-01 -1.172789E+00 1.186657E+00 6.598500E-01 -1.172850E+00 1.473960E-04 2.859593E-04 4.258466E-04 0.000000E+00 0.000000E+00 0.000000E+00 -7.345207E-02 -7.199902E-01 -6.900871E-01 9.950382E-01 -6.337938E-03 -9.929788E-02 6.712016E-02 -6.939562E-01 7.168822E-01 -7.345207E-02 -7.199902E-01 -6.900871E-01 9.950382E-01 -6.337938E-03 -9.929788E-02 6.712016E-02 -6.939562E-01 7.168822E-01 -4.509265E-04 1.391393E-03 8.083744E-04 1.189471E-04 1.059622E-03 2.427462E-04
1.000000E+00 1.000000E+00 3.187000E-03 1.058800E-02 1.186719E+00 6.598570E-01 -1.172889E+00 1.186657E+00 6.598500E-01 -1.172850E+00 1.960609E-03 -4.329021E-04 -2.710635E-03 0.000000E+00 0.000000E+00 0.000000E+00 -7.318770E-02 -7.203636E-01 -6.897236E-01 9.950800E-01 -6.444421E-03 -9.885908E-02 6.676926E-02 -6.935659E-01 7.172920E-01 -7.345207E-02 -7.199902E-01 -6.900871E-01 9.950382E-01 -6.337938E-03 -9.929788E-02 6.712016E-02 -6.939562E-01 7.168822E-01 -3.615719E-04 1.483847E-03 1.862768E-04 -4.509265E-04 1.391393E-03 8.083744E-04
1.000000E+00 1.000000E+00 3.718000E-03 1.057200E-02 1.186688E+00 6.598470E-01 -1.172848E+00 1.186657E+00 6.598500E-01 -1.172850E+00 -1.805434E-04 -7.716596E-04 1.600505E-04 0.000000E+00 0.000000E+00 0.000000E+00 -7.345699E-02 -7.201753E-01 -6.898909E-01 9.950295E-01 -6.299736E-03 -9.937113E-02 6.721786E-02 -6.937621E-01 7.170602E-01 -7.318770E-02 -7.203636E-01 -6.897236E-01 9.950800E-01 -6.444421E-03 -9.885908E-02 6.676926E-02 -6.935659E-01 7.172920E-01 5.713273E-05 1.058341E-03 2.635369E-04 -3.615719E-04 1.483847E-03 1.862768E-04
1.000000E+00 1.000000E+00 5.655000E-03 1.116800E-02 1.186682E+00 6.598450E-01 -1.172834E+00 1.186657E+00 6.598500E-01 -1.172850E+00 -3.842132E-04 -5.745922E-04 7.325583E-04 0.000000E+00 0.000000E+00 0.000000E+00 -7.348569E-02 -7.202167E-01 -6.898481E-01 9.950290E-01 -6.318477E-03 -9.939778E-02 6.722993E-02 -6.937222E-01 7.170986E-01 -7.345699E-02 -7.201753E-01 -6.898909E-01 9.950295E-01 -6.299736E-03 -9.937113E-02 6.721786E-02 -6.937621E-01 7.170602E-01 -2.017998E-04 9.192527E-04 -2.545111E-04 5.713273E-05 1.058341E-03 2.635369E-04
1.000000E+00 -1.000000E+00 4.281000E-03 1.116800E-02 1.186614E+00 6.598260E-01 -1.172804E+00 1.186657E+00 6.598500E-01 -1.172850E+00 -2.975518E-03 -1.094889E-03 1.630256E-03 0.000000E+00 0.000000E+00 0.000000E+00 -7.340842E-02 -7.201862E-01 -6.898862E-01 9.950316E-01 -6.240439E-03 -9.936340E-02 6.725492E-02 -6.937527E-01 7.170662E-01 -7.348569E-02 -7.202167E-01 -6.898481E-01 9.950290E-01 -6.318477E-03 -9.939778E-02 6.722993E-02 -6.937222E-01 7.170986E-01 -2.017998E-04 9.192527E-04 -2.545111E-04 -2.017998E-04 9.192527E-04 -2.545111E-04
1.000000E+00 1.000000E+00 4.624000E-03 1.025600E-02 1.186652E+00 6.598790E-01 -1.172779E+00 1.186657E+00 6.598500E-01 -1.172850E+00 -1.470327E-04 1.653437E-03 2.085802E-03 0.000000E+00 0.000000E+00 0.000000E+00 -7.348414E-02 -7.201181E-01 -6.899488E-01 9.950281E-01 -6.309453E-03 -9.939187E-02 6.722052E-02 -6.938224E-01 7.170019E-01 -7.340842E-02 -7.201862E-01 -6.898862E-01 9.950316E-01 -6.240439E-03 -9.936340E-02 6.725492E-02 -6.937527E-01 7.170662E-01 -1.600056E-04 1.506698E-03 8.483306E-04 -1.600056E-04 1.506698E-03 8.483306E-04
1.000000E+00 1.000000E+00 1.410100E-02 1.028500E-02 1.186635E+00 6.598830E-01 -1.172773E+00 1.186657E+00 6.598500E-01 -1.172850E+00 -6.801098E-04 9.636362E-04 1.249693E-03 0.000000E+00 0.000000E+00 0.000000E+00 -7.349812E-02 -7.205014E-01 -6.895480E-01 9.950325E-01 -6.423693E-03 -9.934716E-02 6.715055E-02 -6.934242E-01 7.173938E-01 -7.348414E-02 -7.201181E-01 -6.899488E-01 9.950281E-01 -6.309453E-03 -9.939187E-02 6.722052E-02 -6.938224E-01 7.170019E-01 -4.131106E-04 1.022973E-03 2.059264E-05 -1.600056E-04 1.506698E-03 8.483306E-04
1.000000E+00 1.000000E+00 4.239000E-03 1.026900E-02 1.186644E+00 6.598920E-01 -1.172759E+00 1.186657E+00 6.598500E-01 -1.172850E+00 -2.463077E-05 1.216235E-03 1.703727E-03 0.000000E+00 0.000000E+00 0.000000E+00 -7.344180E-02 -7.200368E-01 -6.900375E-01 9.950366E-01 -6.328106E-03 -9.930044E-02 6.713286E-02 -6.939059E-01 7.169291E-01 -7.349812E-02 -7.205014E-01 -6.895480E-01 9.950325E-01 -6.423693E-03 -9.934716E-02 6.715055E-02 -6.934242E-01 7.173938E-01 -6.122708E-04 1.110810E-03 2.777648E-04 -4.131106E-04 1.022973E-03 2.059264E-05
1.000000E+00 1.000000E+00 2.331000E-03 1.026600E-02 1.186624E+00 6.598660E-01 -1.172753E+00 1.186657E+00 6.598500E-01 -1.172850E+00 -7.811069E-04 -3.492043E-04 1.139723E-03 0.000000E+00 0.000000E+00 0.000000E+00 -7.341935E-02 -7.198628E-01 -6.902223E-01 9.950369E-01 -6.266468E-03 -9.930715E-02 6.716216E-02 -6.940879E-01 7.167504E-01 -7.344180E-02 -7.200368E-01 -6.900375E-01 9.950366E-01 -6.328106E-03 -9.930044E-02 6.713286E-02 -6.939059E-01 7.169291E-01 -5.105211E-04 3.357094E-04 5.996734E-04 -6.122708E-04 1.110810E-03 2.777648E-04
1.000000E+00 1.000000E+00 1.006300E-02 1.026600E-02 1.186668E+00 6.598600E-01 -1.172812E+00 1.186657E+00 6.598500E-01 -1.172850E+00 1.383074E-03 -4.529458E-04 -1.801020E-03 0.000000E+00 0.000000E+00 0.000000E+00 -7.342072E-02 -7.201226E-01 -6.899529E-01 9.950404E-01 -6.328678E-03 -9.928050E-02 6.712829E-02 -6.938194E-01 7.170139E-01 -7.341935E-02 -7.198628E-01 -6.902223E-01 9.950369E-01 -6.266468E-03 -9.930715E-02 6.716216E-02 -6.940879E-01 7.167504E-01 -7.401915E-04 6.458588E-04 6.031640E-04 -5.105211E-04 3.357094E-04 5.996734E-04
1.000000E+00 1.000000E+00 1.089200E-02 1.025100E-02 1.186662E+00 6.598200E-01 -1.172823E+00 1.186657E+00 6.598500E-01 -1.172850E+00 5.334275E-04 -1.867374E-03 -1.453460E-03 0.000000E+00 0.000000E+00 0.000000E+00 -7.341683E-02 -7.200026E-01 -6.900771E-01 9.950360E-01 -6.270165E-03 -9.931908E-02 6.718317E-02 -6.939432E-01 7.168887E-01 -7.342072E-02 -7.201226E-01 -6.899529E-01 9.950404E-01 -6.328678E-03 -9.928050E-02 6.712829E-02 -6.938194E-01 7.170139E-01 -3.922748E-04 8.896017E-04 1.291434E-03 -7.401915E-04 6.458588E-04 6.031640E-04
-1.000000E+00 1.000000E+00 4.616000E-03 1.027700E-02 1.186662E+00 6.598200E-01 -1.172823E+00 1.186657E+00 6.598500E-01 -1.172850E+00 5.334275E-04 -1.867374E-03 -1.453460E-03 0.000000E+00 0.000000E+00 0.000000E+00 -7.341683E-02 -7.200026E-01 -6.900771E-01 9.950360E-01 -6.270165E-03 -9.931908E-02 6.718317E-02 -6.939432E-01 7.168887E-01 -7.341683E-02 -7.200026E-01 -6.900771E-01 9.950360E-01 -6.270165E-03 -9.931908E-02 6.718317E-02 -6.939432E-01 7.168887E-01 -8.214775E-04 5.647118E-04 7.391796E-04 -3.922748E-04 8.896017E-04 1.291434E-03
-1.000000E+00 1.000000E+00 1.064800E-02 1.028200E-02 1.186662E+00 6.598200E-01 -1.172823E+00 1.186657E+00 6.598500E-01 -1.172850E+00 5.334275E-04 -1.867374E-03 -1.453460E-03 0.000000E+00 0.000000E+00 0.000000E+00 -7.341683E-02 -7.200026E-01 -6.900771E-01 9.950360E-01 -6.270165E-03 -9.931908E-02 6.718317E-02 -6.939432E-01 7.168887E-01 -7.341683E-02 -7.200026E-01 -6.900771E-01 9.950360E-01 -6.270165E-03 -9.931908E-02 6.718317E-02 -6.939432E-01 7.168887E-01 -2.218947E-04 1.267764E-03 2.866591E-04 -8.214775E-04 5.647118E-04 7.391796E-04
1.000000E+00 1.000000E+00 4.888000E-03 1.030000E-02 1.186678E+00 6.598560E-01 -1.172840E+00 1.186657E+00 6.598500E-01 -1.172850E+00 6.521095E-04 2.797164E-04 -1.036125E-03 0.000000E+00 0.000000E+00 0.000000E+00 -7.353537E-02 -7.202122E-01 -6.898453E-01 9.950236E-01 -6.352190E-03 -9.943469E-02 6.723193E-02 -6.937245E-01 7.170956E-01 -7.341683E-02 -7.200026E-01 -6.900771E-01 9.950360E-01 -6.270165E-03 -9.931908E-02 6.718317E-02 -6.939432E-01 7.168887E-01 -2.331166E-04 6.755049E-04 4.732012E-04 -2.218947E-04 1.267764E-03 2.866591E-04
1.000000E+00 1.000000E+00 6.356000E-03 5.153000E-03 1.186661E+00 6.598680E-01 -1.172806E+00 1.186657E+00 6.598500E-01 -1.172850E+00 -3.767234E-04 7.542396E-04 9.303521E-04 0.000000E+00 0.000000E+00 0.000000E+00 -7.349390E-02 -7.201612E-01 -6.899023E-01 9.950286E-01 -6.339340E-03 -9.938125E-02 6.719662E-02 -6.937769E-01 7.170480E-01 -7.349390E-02 -7.201612E-01 -6.899023E-01 9.950286E-01 -6.339340E-03 -9.938125E-02 6.719662E-02 -6.937769E-01 7.170480E-01 -2.110863E-04 7.768241E-04 3.886276E-04 -2.331166E-04 6.755049E-04 4.732012E-04
1.000000E+00 1.000000E+00 2.260000E-03 1.030900E-02 1.186642E+00 6.598890E-01 -1.172766E+00 1.186657E+00 6.598500E-01 -1.172850E+00 -8.557466E-04 1.111642E-03 1.868932E-03 0.000000E+00 0.000000E+00 0.000000E+00 -7.345441E-02 -7.200891E-01 -6.899825E-01 9.950340E-01 -6.320528E-03 -9.933343E-02 6.716778E-02 -6.938526E-01 7.169777E-01 -7.349390E-02 -7.201612E-01 -6.899023E-01 9.950286E-01 -6.339340E-03 -9.938125E-02 6.719662E-02 -6.937769E-01 7.170480E-01 -1.532798E-04 1.842030E-03 -6.381561E-04 -2.110863E-04 7.768241E-04 3.886276E-04
1.000000E+00 1.000000E+00 6.502000E-03 1.026600E-02 1.186641E+00 6.598960E-01 -1.172740E+00 1.186657E+00 6.598500E-01 -1.172850E+00 -6.944304E-04 1.209103E-03 2.799190E-03 0.000000E+00 0.000000E+00 0.000000E+00 -7.344489E-02 -7.200138E-01 -6.900608E-01 9.950338E-01 -6.303049E-03 -9.932768E-02 6.716722E-02 -6.939297E-01 7.169028E-01 -7.344489E-02 -7.200138E-01 -6.900608E-01 9.950338E-01 -6.303049E-03 -9.932768E-02 6.716722E-02 -6.939297E-01 7.169028E-01 3.154462E-04 1.298763E-03 2.127530E-07 -1.532798E-04 1.842030E-03 -6.381561E-04
1.000000E+00 1.000000E+00 2.464000E-03 1.025600E-02 1.186659E+00 6.599030E-01 -1.172780E+00 1.186657E+00 6.598500E-01 -1.172850E+00 3.052630E-04 8.705989E-04 -3.990718E-05 0.000000E+00 0.000000E+00 0.000000E+00 -7.345893E-02 -7.204795E-01 -6.895746E-01 9.950392E-01 -6.435672E-03 -9.927532E-02 6.708799E-02 -6.934464E-01 7.173781E-01 -7.344489E-02 -7.200138E-01 -6.900608E-01 9.950338E-01 -6.303049E-03 -9.932768E-02 6.716722E-02 -6.939297E-01 7.169028E-01 4.822004E-04 1.427970E-03 1.150401E-03 3.154462E-04 1.298763E-03 2.127530E-07
1.000000E+00 1.000000E+00 4.314000E-03 1.025500E-02 1.186655E+00 6.598750E-01 -1.172786E+00 1.186657E+00 6.598500E-01 -1.172850E+00 1.142974E-05 -7.473289E-04 -3.081089E-04 0.000000E+00 0.000000E+00 0.000000E+00 -7.341521E-02 -7.200703E-01 -6.900056E-01 9.950403E-01 -6.329750E-03 -9.926497E-02 6.710984E-02 -6.938714E-01 7.169647E-01 -7.345893E-02 -7.204795E-01 -6.895746E-01 9.950392E-01 -6.435672E-03 -9.927532E-02 6.708799E-02 -6.934464E-01 7.173781E-01 1.283355E-04 9.936833E-04 7.872340E-04 4.822004E-04 1.427970E-03 1.150401E-03
1.000000E+00 -1.000000E+00 1.912000E-03 1.025500E-02 1.186672E+00 6.598420E-01 -1.172833E+00 1.186657E+00 6.598500E-01 -1.172850E+00 6.793172E-04 -1.717719E-03 -2.030275E-03 0.000000E+00 0.000000E+00 0.000000E+00 -7.345648E-02 -7.204918E-01 -6.895603E-01 9.950355E-01 -6.407303E-03 -9.930340E-02 6.712841E-02 -6.934323E-01 7.173875E-01 -7.341521E-02 -7.200703E-01 -6.900056E-01 9.950403E-01 -6.329750E-03 -9.926497E-02 6.710984E-02 -6.938714E-01 7.169647E-01 1.283355E-04 9.936833E-04 7.872340E-04 1.283355E-04 9.936833E-04 7.872340E-04
-1.000000E+00 1.000000E+00 7.432000E-03 1.025400E-02 1.186672E+00 6.598420E-01 -1.172833E+00 1.186657E+00 6.598500E-01 -1.172850E+00 6.793172E-04 -1.717719E-03 -2.030275E-03 0.000000E+00 0.000000E+00 0.000000E+00 -7.345648E-02 -7.204918E-01 -6.895603E-01 9.950355E-01 -6.407303E-03 -9.930340E-02 6.712841E-02 -6.934323E-01 7.173875E-01 -7.345648E-02 -7.204918E-01 -6.895603E-01 9.950355E-01 -6.407303E-03 -9.930340E-02 6.712841E-02 -6.934323E-01 7.173875E-01 -5.275795E-04 1.151100E-03 5.650221E-04 -5.275795E-04 1.151100E-03 5.650221E-04
1.000000E+00 1.000000E+00 7.930000E-03 1.028400E-02 1.186688E+00 6.598420E-01 -1.172859E+00 1.186657E+00 6.598500E-01 -1.172850E+00 1.246892E-03 2.472993E-05 -1.014169E-03 0.000000E+00 0.000000E+00 0.000000E+00 -7.353315E-02 -7.202336E-01 -6.898227E-01 9.950253E-01 -6.372709E-03 -9.941343E-02 6.720455E-02 -6.937016E-01 7.171202E-01 -7.338008E-02 -7.203032E-01 -6.897676E-01 9.950355E-01 -6.251431E-03 -9.932731E-02 6.723397E-02 -6.936317E-01 7.171854E-01 -5.049057E-04 4.756635E-04 5.512379E-04 -5.049057E-04 4.756635E-04 5.512379E-04
1.000000E+00 1.000000E+00 9.106000E-03 1.027700E-02 1.186675E+00 6.598500E-01 -1.172841E+00 1.186657E+00 6.598500E-01 -1.172850E+00 1.882900E-04 3.626770E-04 1.696535E-04 0.000000E+00 0.000000E+00 0.000000E+00 -7.349602E-02 -7.201643E-01 -6.899007E-01 9.950306E-01 -6.350170E-03 -9.937295E-02 6.718422E-02 -6.937753E-01 7.170512E-01 -7.353315E-02 -7.202336E-01 -6.898227E-01 9.950253E-01 -6.372709E-03 -9.941343E-02 6.720455E-02 -6.937016E-01 7.171202E-01 -7.298199E-04 4.581843E-04 3.871954E-04 -5.049057E-04 4.756635E-04 5.512379E-04
1.000000E+00 1.000000E+00 8.788000E-03 1.027000E-02 1.186654E+00 6.598740E-01 -1.172799E+00 1.186657E+00 6.598500E-01 -1.172850E+00 -8.102419E-04 1.280025E-03 1.955139E-03 0.000000E+00 0.000000E+00 0.000000E+00 -7.349706E-02 -7.201201E-01 -6.899455E-01 9.950301E-01 -6.349164E-03 -9.936971E-02 6.717743E-02 -6.938201E-01 7.170082E-01 -7.349602E-02 -7.201643E-01 -6.899007E-01 9.950306E-01 -6.350170E-03 -9.937295E-02 6.718422E-02 -6.937753E-01 7.170512E-01 -6.683310E-04 7.280852E-04 1.432613E-04 -7.298199E-04 4.581843E-04 3.871954E-04
1.000000E+00 1.000000E+00 8.583000E-03 1.031900E-02 1.186663E+00 6.598990E-01 -1.172793E+00 1.186657E+00 6.598500E-01 -1.172850E+00 -1.006255E-04 1.903320E-03 1.475623E-03 0.000000E+00 0.000000E+00 0.000000E+00 -7.342827E-02 -7.205407E-01 -6.895140E-01 9.950419E-01 -6.425967E-03 -9.924963E-02 6.708266E-02 -6.933830E-01 7.174399E-01 -7.349706E-02 -7.201201E-01 -6.899455E-01 9.950301E-01 -6.349164E-03 -9.936971E-02 6.717743E-02 -6.938201E-01 7.170082E-01 -9.405474E-04 9.190611E-04 2.172705E-04 -6.683310E-04 7.280852E-04 1.432613E-04
-1.000000E+00 1.000000E+00 1.035000E-02 1.027500E-02 1.186663E+00 6.598990E-01 -1.172793E+00 1.186657E+00 6.598500E-01 -1.172850E+00 -1.006255E-04 1.903320E-03 1.475623E-03 0.000000E+00 0.000000E+00 0.000000E+00 -7.342827E-02 -7.205407E-01 -6.895140E-01 9.950419E-01 -6.425967E-03 -9.924963E-02 6.708266E-02 -6.933830E-01 7.174399E-01 -7.342827E-02 -7.205407E-01 -6.895140E-01 9.950419E-01 -6.425967E-03 -9.924963E-02 6.708266E-02 -6.933830E-01 7.174399E-01 -2.576272E-05 3.670880E-04 1.200788E-04 -9.405474E-04 9.190611E-04 2.172705E-04
-1.000000E+00 1.000000E+00 2.773000E-03 1.025500E-02 1.186663E+00 6.599000E-01 -1.172787E+00 1.186657E+00 6.598500E-01 -1.172850E+00 -4.554079E-05 8.939586E-04 8.631901E-04 0.000000E+00 0.000000E+00 0.000000E+00 -7.344624E-02 -7.204854E-01 -6.895690E-01 9.950413E-01 -6.444854E-03 -9.924860E-02 6.706268E-02 -6.934394E-01 7.173870E-01 -7.342827E-02 -7.205407E-01 -6.895140E-01 9.950419E-01 -6.425967E-03 -9.924963E-02 6.708266E-02 -6.933830E-01 7.174399E-01 -3.495189E-04 7.436912E-04 5.268209E-04 -2.576272E-05 3.670880E-04 1.200788E-04
1.000000E+00 1.000000E+00 6.865000E-03 1.025400E-02 1.186645E+00 6.598820E-01 -1.172765E+00 1.186657E+00 6.598500E-01 -1.172850E+00 -9.795509E-04 -2.930278E-04 1.787317E-03 0.000000E+00 0.000000E+00 0.000000E+00 -7.342610E-02 -7.200943E-01 -6.899810E-01 9.950354E-01 -6.287322E-03 -9.932734E-02 6.718722E-02 -6.938484E-01 7.169802E-01 -7.342610E-02 -7.200943E-01 -6.899810E-01 9.950354E-01 -6.287322E-03 -9.932734E-02 6.718722E-02 -6.938484E-01 7.169802E-01 -1.031076E-03 7.203120E-04 8.007450E-04 -3.495189E-04 7.436912E-04 5.268209E-04
1.000000E+00 1.000000E+00 7.132000E-03 1.027300E-02 1.186663E+00 6.598730E-01 -1.172788E+00 1.186657E+00 6.598500E-01 -1.172850E+00 1.916190E-04 -5.713762E-04 8.058150E-05 0.000000E+00 0.000000E+00 0.000000E+00 -7.347402E-02 -7.202047E-01 -6.898605E-01 9.950284E-01 -6.304356E-03 -9.939435E-02 6.723533E-02 -6.937334E-01 7.170868E-01 -7.347402E-02 -7.202047E-01 -6.898605E-01 9.950284E-01 -6.304356E-03 -9.939435E-02 6.723533E-02 -6.937334E-01 7.170868E-01 -2.752826E-04 5.077390E-04 9.097183E-04 -1.031076E-03 7.203120E-04 8.007450E-04
1.000000E+00 1.000000E+00 7.431000E-03 1.026900E-02 1.186655E+00 6.598350E-01 -1.172839E+00 1.186657E+00 6.598500E-01 -1.172850E+00 -2.275982E-04 -1.959403E-03 -2.127348E-03 0.000000E+00 0.000000E+00 0.000000E+00 -7.340713E-02 -7.202967E-01 -6.897712E-01 9.950332E-01 -6.268340E-03 -9.934804E-02 6.723644E-02 -6.936380E-01 7.171790E-01 -7.340713E-02 -7.202967E-01 -6.897712E-01 9.950332E-01 -6.268340E-03 -9.934804E-02 6.723644E-02 -6.936380E-01 7.171790E-01 -1.098898E-03 5.374017E-04 4.760477E-04 -2.752826E-04 5.077390E-04 9.097183E-04
1.000000E+00 -1.000000E+00 6.540000E-03 1.026900E-02 1.186677E+00 6.598400E-01 -1.172893E+00 1.186657E+00 6.598500E-01 -1.172850E+00 8.086020E-04 -9.545270E-04 -3.587471E-03 0.000000E+00 0.000000E+00 0.000000E+00 -7.312034E-02 -7.205816E-01 -6.895023E-01 9.950800E-01 -6.379635E-03 -9.885944E-02 6.683691E-02 -6.933393E-01 7.175046E-01 -7.312034E-02 -7.205816E-01 -6.895023E-01 9.950800E-01 -6.379635E-03 -9.885944E-02 6.683691E-02 -6.933393E-01 7.175046E-01 -1.098898E-03 5.374017E-04 4.760477E-04 -1.098898E-03 5.374017E-04 4.760477E-04
1.000000E+00 1.000000E+00 4.445000E-03 1.025000E-02 1.186659E+00 6.598480E-01 -1.172834E+00 1.186657E+00 6.598500E-01 -1.172850E+00 -2.676339E-04 -2.085481E-04 3.616056E-04 0.000000E+00 0.000000E+00 0.000000E+00 -7.351989E-02 -7.205063E-01 -6.895415E-01 9.950319E-01 -6.445039E-03 -9.935689E-02 6.714369E-02 -6.934198E-01 7.173989E-01 -7.312034E-02 -7.205816E-01 -6.895023E-01 9.950800E-01 -6.379635E-03 -9.885944E-02 6.683691E-02 -6.933393E-01 7.175046E-01 -5.062332E-04 1.051276E-03 -4.481209E-04 -5.062332E-04 1.051276E-03 -4.481209E-04
1.000000E+00 1.000000E+00 2.477000E-03 1.025600E-02 1.186684E+00 6.598660E-01 -1.172840E+00 1.186657E+00 6.598500E-01 -1.172850E+00 8.433691E-04 5.984932E-04 -3.858919E-05 0.000000E+00 0.000000E+00 0.000000E+00 -7.312841E-02 -7.199404E-01 -6.901711E-01 9.950826E-01 -6.325603E-03 -9.883778E-02 6.679103E-02 -6.940058E-01 7.168643E-01 -7.351989E-02 -7.205063E-01 -6.895415E-01 9.950319E-01 -6.445039E-03 -9.935689E-02 6.714369E-02 -6.934198E-01 7.173989E-01 -1.202358E-04 -2.145277E-04 -6.743771E-05 -5.062332E-04 1.051276E-03 -4.481209E-04
1.000000E+00 1.000000E+00 4.008000E-03 1.026400E-02 1.186649E+00 6.598800E-01 -1.172792E+00 1.186657E+00 6.598500E-01 -1.172850E+00 -1.108595E-03 1.062964E-03 2.260495E-03 0.000000E+00 0.000000E+00 0.000000E+00 -7.340758E-02 -7.200402E-01 -6.900390E-01 9.950399E-01 -6.301405E-03 -9.927869E-02 6.713652E-02 -6.939040E-01 7.169310E-01 -7.312841E-02 -7.199404E-01 -6.901711E-01 9.950826E-01 -6.325603E-03 -9.883778E-02 6.679103E-02 -6.940058E-01 7.168643E-01 1.112257E-04 6.881117E-04 2.578583E-04 -1.202358E-04 -2.145277E-04 -6.743771E-05
1.000000E+00 1.000000E+00 1.928000E-03 5.155000E-03 1.186671E+00 6.598660E-01 -1.172819E+00 1.186657E+00 6.598500E-01 -1.172850E+00 2.626860E-04 3.089801E-05 1.762078E-04 0.000000E+00 0.000000E+00 0.000000E+00 -7.310394E-02 -7.201745E-01 -6.899311E-01 9.950891E-01 -6.378719E-03 -9.877955E-02 6.673775E-02 -6.937640E-01 7.171037E-01 -7.340758E-02 -7.200402E-01 -6.900390E-01 9.950399E-01 -6.301405E-03 -9.927869E-02 6.713652E-02 -6.939040E-01 7.169310E-01 -1.870602E-04 8.627104E-04 5.345410E-04 1.112257E-04 6.881117E-04 2.578583E-04
1.000000E+00 1.000000E+00 4.082000E-03 1.025700E-02 1.186661E+00 6.598650E-01 -1.172806E+00 1.186657E+00 6.598500E-01 -1.172850E+00 2.624315E-04 4.602356E-05 1.498799E-04 0.000000E+00 0.000000E+00 0.000000E+00 -7.344272E-02 -7.201677E-01 -6.899011E-01 9.950321E-01 -6.299233E-03 -9.934973E-02 6.720232E-02 -6.937707E-01 7.170535E-01 -7.310394E-02 -7.201745E-01 -6.899311E-01 9.950891E-01 -6.378719E-03 -9.877955E-02 6.673775E-02 -6.937640E-01 7.171037E-01 -7.892821E-05 1.153112E-03 3.920285E-04 -7.892821E-05 1.153112E-03 3.920285E-04
1.000000E+00 1.000000E+00 9.800000E-03 1.025300E-02 1.186641E+00 6.598450E-01 -1.172823E+00 1.186657E+00 6.598500E-01 -1.172850E+00 -6.899663E-04 -8.168891E-04 -6.293953E-04 0.000000E+00 0.000000E+00 0.000000E+00 -7.340997E-02 -7.202853E-01 -6.897841E-01 9.950319E-01 -6.248539E-03 -9.937059E-02 6.726566E-02 -6.936512E-01 7.171638E-01 -7.344272E-02 -7.201677E-01 -6.899011E-01 9.950321E-01 -6.299233E-03 -9.934973E-02 6.720232E-02 -6.937707E-01 7.170535E-01 -4.857415E-04 8.478002E-04 4.254158E-04 -4.857415E-04 8.478002E-04 4.254158E-04
1.000000E+00 1.000000E+00 8.983000E-03 1.025400E-02 1.186639E+00 6.598570E-01 -1.172815E+00 1.186657E+00 6.598500E-01 -1.172850E+00 -5.065128E-04 2.819740E-05 -3.271402E-05 0.000000E+00 0.000000E+00 0.000000E+00 -7.339119E-02 -7.203532E-01 -6.897148E-01 9.950327E-01 -6.242124E-03 -9.935978E-02 6.726929E-02 -6.935803E-01 7.172319E-01 -7.340997E-02 -7.202853E-01 -6.897841E-01 9.950319E-01 -6.248539E-03 -9.937059E-02 6.726566E-02 -6.936512E-01 7.171638E-01 -7.924697E-04 5.800196E-04 1.059877E-03 -4.857415E-04 8.478002E-04 4.254158E-04
-1.000000E+00 1.000000E+00 9.099000E-03 1.025900E-02 1.186639E+00 6.598570E-01 -1.172815E+00 1.186657E+00 6.598500E-01 -1.172850E+00 -5.065128E-04 2.819740E-05 -3.271402E-05 0.000000E+00 0.000000E+00 0.000000E+00 -7.339119E-02 -7.203532E-01 -6.897148E-01 9.950327E-01 -6.242124E-03 -9.935978E-02 6.726929E-02 -6.935803E-01 7.172319E-01 -7.339119E-02 -7.203532E-01 -6.897148E-01 9.950327E-01 -6.242124E-03 -9.935978E-02 6.726929E-02 -6.935803E-01 7.172319E-01 -1.102703E-03 6.243794E-05 4.159449E-04 -7.924697E-04 5.800196E-04 1.059877E-03
1.000000E+00 1.000000E+00 8.725000E-03 1.025800E-02 1.186674E+00 6.598740E-01 -1.172800E+00 1.186657E+00 6.598500E-01 -1.172850E+00 1.116905E-03 6.947607E-04 5.810440E-04 0.000000E+00 0.000000E+00 0.000000E+00 -7.346276E-02 -7.201293E-01 -6.899408E-01 9.950309E-01 -6.298729E-03 -9.937325E-02 6.721619E-02 -6.938122E-01 7.170125E-01 -7.346276E-02 -7.201293E-01 -6.899408E-01 9.950309E-01 -6.298729E-03 -9.937325E-02 6.721619E-02 -6.938122E-01 7.170125E-01 -8.002284E-04 1.296292E-04 4.533233E-04 -1.102703E-03 6.243794E-05 4.159449E-04
1.000000E+00 1.000000E+00 5.848000E-03 1.028900E-02 1.186623E+00 6.598650E-01 -1.172768E+00 1.186657E+00 6.598500E-01 -1.172850E+00 -1.431079E-03 2.651068E-05 1.616705E-03 0.000000E+00 0.000000E+00 0.000000E+00 -7.343459E-02 -7.199651E-01 -6.901148E-01 9.950360E-01 -6.288755E-03 -9.932010E-02 6.716727E-02 -6.939824E-01 7.168523E-01 -7.343459E-02 -7.199651E-01 -6.901148E-01 9.950360E-01 -6.288755E-03 -9.932010E-02 6.716727E-02 -6.939824E-01 7.168523E-01 -2.478868E-04 4.656470E-04 6.341148E-04 -8.002284E-04 1.296292E-04 4.533233E-04
1.000000E+00 1.000000E+00 7.826000E-03 1.027100E-02 1.186641E+00 6.598830E-01 -1.172783E+00 1.186657E+00 6.598500E-01 -1.172850E+00 -8.479376E-05 8.232196E-04 3.348813E-04 0.000000E+00 0.000000E+00 0.000000E+00 -7.340386E-02 -7.200788E-01 -6.899998E-01 9.950407E-01 -6.304371E-03 -9.927540E-02 6.713648E-02 -6.938646E-01 7.169693E-01 -7.340386E-02 -7.200788E-01 -6.899998E-01 9.950407E-01 -6.304371E-03 -9.927540E-02 6.713648E-02 -6.938646E-01 7.169693E-01 2.704718E-04 8.624041E-04 3.273056E-04 -2.478868E-04 4.656470E-04 6.341148E-04
1.000000E+00 1.000000E+00 6.040000E-03 1.026600E-02 1.186646E+00 6.598730E-01 -1.172787E+00 1.186657E+00 6.598500E-01 -1.172850E+00 1.584512E-04 5.982304E-05 2.715304E-05 0.000000E+00 0.000000E+00 0.000000E+00 -7.345322E-02 -7.200553E-01 -6.900189E-01 9.950383E-01 -6.351196E-03 -9.929498E-02 6.711575E-02 -6.938884E-01 7.169482E-01 -7.345322E-02 -7.200553E-01 -6.900189E-01 9.950383E-01 -6.351196E-03 -9.929498E-02 6.711575E-02 -6.938884E-01 7.169482E-01 5.971596E-04 8.411695E-04 1.326445E-03 2.704718E-04 8.624041E-04 3.273056E-04
1.000000E+00 1.000000E+00 3.915000E-03 1.029700E-02 1.186650E+00 6.598710E-01 -1.172808E+00 1.186657E+00 6.598500E-01 -1.172850E+00 2.470809E-04 -4.654662E-05 -8.215183E-04 0.000000E+00 0.000000E+00 0.000000E+00 -7.349824E-02 -7.200965E-01 -6.899702E-01 9.950323E-01 -6.368677E-03 -9.934790E-02 6.714582E-02 -6.938445E-01 7.169875E-01 -7.345322E-02 -7.200553E-01 -6.900189E-01 9.950383E-01 -6.351196E-03 -9.929498E-02 6.711575E-02 -6.938884E-01 7.169482E-01 2.651264E-04 5.806322E-04 1.154941E-03 5.971596E-04 8.411695E-04 1.326445E-03
1.000000E+00 1.000000E+00 1.417000E-03 1.026500E-02 1.186667E+00 6.598590E-01 -1.172818E+00 1.186657E+00 6.598500E-01 -1.172850E+00 8.019160E-04 -4.963110E-04 -8.405582E-04 0.000000E+00 0.000000E+00 0.000000E+00 -7.344934E-02 -7.201727E-01 -6.898973E-01 9.950344E-01 -6.319034E-03 -9.933884E-02 6.718216E-02 -6.937673E-01 7.170593E-01 -7.349824E-02 -7.200965E-01 -6.899702E-01 9.950323E-01 -6.368677E-03 -9.934790E-02 6.714582E-02 -6.938445E-01 7.169875E-01 -7.434362E-04 1.531688E-03 4.610355E-04 2.651264E-04 5.806322E-04 1.154941E-03
1.000000E+00 -1.000000E+00 5.080000E-03 1.026500E-02 1.186686E+00 6.598470E-01 -1.172828E+00 1.186657E+00 6.598500E-01 -1.172850E+00 1.419734E-03 -8.900218E-04 -1.021181E-03 0.000000E+00 0.000000E+00 0.000000E+00 -7.349341E-02 -7.201886E-01 -6.898754E-01 9.950300E-01 -6.345206E-03 -9.937778E-02 6.719362E-02 -6.937499E-01 7.170748E-01 -7.344934E-02 -7.201727E-01 -6.898973E-01 9.950344E-01 -6.319034E-03 -9.933884E-02 6.718216E-02 -6.937673E-01 7.170593E-01 -7.434362E-04 1.531688E-03 4.610355E-04 -7.434362E-04 1.531688E-03 4.610355E-04
1.000000E+00 1.000000E+00 1.184800E-02 1.026000E-02 1.186634E+00 6.598100E-01 -1.172828E+00 1.186657E+00 6.598500E-01 -1.172850E+00 -1.253134E-03 -1.917481E-03 -5.512823E-04 0.000000E+00 0.000000E+00 0.000000E+00 -7.337492E-02 -7.201532E-01 -6.899229E-01 9.950321E-01 -6.200758E-03 -9.935190E-02 6.727000E-02 -6.937861E-01 7.170321E-01 -7.349341E-02 -7.201886E-01 -6.898754E-01 9.950300E-01 -6.345206E-03 -9.937778E-02 6.719362E-02 -6.937499E-01 7.170748E-01 -4.115920E-06 7.266855E-04 8.731157E-04 -4.115920E-06 7.266855E-04 8.731157E-04
1.000000E+00 1.000000E+00 2.581000E-03 1.027200E-02 1.186676E+00 6.598720E-01 -1.172817E+00 1.186657E+00 6.598500E-01 -1.172850E+00 1.082072E-03 1.555972E-03 1.469021E-04 0.000000E+00 0.000000E+00 0.000000E+00 -7.343376E-02 -7.200951E-01 -6.899786E-01 9.950322E-01 -6.270809E-03 -9.935579E-02 6.721890E-02 -6.938470E-01 7.169783E-01 -7.337492E-02 -7.201532E-01 -6.899229E-01 9.950321E-01 -6.200758E-03 -9.935190E-02 6.727000E-02 -6.937861E-01 7.170321E-01 2.152208E-05 1.321372E-03 8.212604E-04 2.152208E-05 1.321372E-03 8.212604E-04
1.000000E+00 1.000000E+00 4.544000E-03 1.027100E-02 1.186666E+00 6.598980E-01 -1.172806E+00 1.186657E+00 6.598500E-01 -1.172850E+00 2.367019E-04 2.236477E-03 6.124126E-04 0.000000E+00 0.000000E+00 0.000000E+00 -7.349087E-02 -7.205346E-01 -6.895133E-01 9.950333E-01 -6.433177E-03 -9.933181E-02 6.713610E-02 -6.933889E-01 7.174291E-01 -7.343376E-02 -7.200951E-01 -6.899786E-01 9.950322E-01 -6.270809E-03 -9.935579E-02 6.721890E-02 -6.938470E-01 7.169783E-01 -1.787215E-04 1.311297E-03 -4.707322E-04 2.152208E-05 1.321372E-03 8.212604E-04
1.000000E+00 1.000000E+00 2.119000E-03 1.027500E-02 1.186653E+00 6.599040E-01 -1.172791E+00 1.186657E+00 6.598500E-01 -1.172850E+00 -3.687329E-04 1.408386E-03 8.928924E-04 0.000000E+00 0.000000E+00 0.000000E+00 -7.345200E-02 -7.205480E-01 -6.895027E-01 9.950369E-01 -6.419051E-03 -9.929245E-02 6.711858E-02 -6.933744E-01 7.174446E-01 -7.349087E-02 -7.205346E-01 -6.895133E-01 9.950333E-01 -6.433177E-03 -9.933181E-02 6.713610E-02 -6.933889E-01 7.174291E-01 7.165122E-04 1.696538E-03 -2.899891E-04 -1.787215E-04 1.311297E-03 -4.707322E-04
1.000000E+00 1.000000E+00 2.236000E-03 1.028400E-02 1.186677E+00 6.598850E-01 -1.172829E+00 1.186657E+00 6.598500E-01 -1.172850E+00 8.240390E-04 2.517199E-05 -1.117171E-03 0.000000E+00 0.000000E+00 0.000000E+00 -7.318643E-02 -7.203211E-01 -6.897684E-01 9.950828E-01 -6.463441E-03 -9.883160E-02 6.673196E-02 -6.936101E-01 7.172528E-01 -7.345200E-02 -7.205480E-01 -6.895027E-01 9.950369E-01 -6.419051E-03 -9.929245E-02 6.711858E-02 -6.933744E-01 7.174446E-01 5.555298E-04 5.080566E-04 -4.322831E-04 7.165122E-04 1.696538E-03 -2.899891E-04
1.000000E+00 1.000000E+00 1.141000E-02 1.027500E-02 1.186674E+00 6.598760E-01 -1.172815E+00 1.186657E+00 6.598500E-01 -1.172850E+00 3.340238E-04 -3.417665E-04 -6.039799E-05 0.000000E+00 0.000000E+00 0.000000E+00 -7.348844E-02 -7.205489E-01 -6.895008E-01 9.950391E-01 -6.475671E-03 -9.928560E-02 6.707590E-02 -6.933757E-01 7.174480E-01 -7.318643E-02 -7.203211E-01 -6.897684E-01 9.950828E-01 -6.463441E-03 -9.883160E-02 6.673196E-02 -6.936101E-01 7.172528E-01 3.930215E-05 6.286319E-04 6.068738E-04 5.555298E-04 5.080566E-04 -4.322831E-04
-1.000000E+00 1.000000E+00 4.244000E-03 1.025400E-02 1.186674E+00 6.598760E-01 -1.172815E+00 1.186657E+00 6.598500E-01 -1.172850E+00 3.340238E-04 -3.417665E-04 -6.039799E-05 0.000000E+00 0.000000E+00 0.000000E+00 -7.348844E-02 -7.205489E-01 -6.895008E-01 9.950391E-01 -6.475671E-03 -9.928560E-02 6.707590E-02 -6.933757E-01 7.174480E-01 -7.348844E-02 -7.205489E-01 -6.895008E-01 9.950391E-01 -6.475671E-03 -9.928560E-02 6.707590E-02 -6.933757E-01 7.174480E-01 1.432556E-04 1.044824E-03 1.497384E-04 3.930215E-05 6.286319E-04 6.068738E-04
1.000000E+00 1.000000E+00 4.825000E-03 1.025800E-02 1.186688E+00 6.598360E-01 -1.172848E+00 1.186657E+00 6.598500E-01 -1.172850E+00 5.338078E-04 -1.794380E-03 -9.475995E-04 0.000000E+00 0.000000E+00 0.000000E+00 -7.346675E-02 -7.201853E-01 -6.898794E-01 9.950336E-01 -6.358426E-03 -9.932595E-02 6.714589E-02 -6.937511E-01 7.170775E-01 -7.348844E-02 -7.205489E-01 -6.895008E-01 9.950391E-01 -6.475671E-03 -9.928560E-02 6.707590E-02 -6.933757E-01 7.174480E-01 4.929267E-04 7.514416E-04 -3.964672E-04 1.432556E-04 1.044824E-03 1.497384E-04
-1.000000E+00 1.000000E+00 8.772000E-03 5.551000E-03 1.186688E+00 6.598360E-01 -1.172848E+00 1.186657E+00 6.598500E-01 -1.172850E+00 5.338078E-04 -1.794380E-03 -9.475995E-04 0.000000E+00 0.000000E+00 0.000000E+00 -7.346675E-02 -7.201853E-01 -6.898794E-01 9.950336E-01 -6.358426E-03 -9.932595E-02 6.714589E-02 -6.937511E-01 7.170775E-01 -7.346675E-02 -7.201853E-01 -6.898794E-01 9.950336E-01 -6.358426E-03 -9.932595E-02 6.714589E-02 -6.937511E-01 7.170775E-01 2.577649E-04 7.192834E-04 -1.042593E-04 4.929267E-04 7.514416E-04 -3.964672E-04
1.000000E+00 1.000000E+00 6.781000E-03 1.029400E-02 1.186682E+00 6.598360E-01 -1.172852E+00 1.186657E+00 6.598500E-01 -1.172850E+00 5.617919E-05 -9.868201E-04 -6.793920E-04 0.000000E+00 0.000000E+00 0.000000E+00 -7.349192E-02 -7.202001E-01 -6.898644E-01 9.950294E-01 -6.332306E-03 -9.939029E-02 6.721307E-02 -6.937389E-01 7.170839E-01 -7.349192E-02 -7.202001E-01 -6.898644E-01 9.950294E-01 -6.332306E-03 -9.939029E-02 6.721307E-02 -6.937389E-01 7.170839E-01 -2.937091E-04 1.638697E-03 1.392569E-04 2.577649E-04 7.192834E-04 -1.042593E-04
1.000000E+00 1.000000E+00 4.663000E-03 1.025600E-02 1.186669E+00 6.598420E-01 -1.172841E+00 1.186657E+00 6.598500E-01 -1.172850E+00 -5.333527E-04 -3.368311E-04 6.793763E-05 0.000000E+00 0.000000E+00 0.000000E+00 -7.344946E-02 -7.204587E-01 -6.895991E-01 9.950378E-01 -6.391739E-03 -9.930364E-02 6.713713E-02 -6.934700E-01 7.173511E-01 -7.344946E-02 -7.204587E-01 -6.895991E-01 9.950378E-01 -6.391739E-03 -9.930364E-02 6.713713E-02 -6.934700E-01 7.173511E-01 -4.904250E-04 1.336901E-03 3.146512E-04 -2.937091E-04 1.638697E-03 1.392569E-04
1.000000E+00 1.000000E+00 1.866000E-03 1.026400E-02 1.186687E+00 6.598780E-01 -1.172836E+00 1.186657E+00 6.598500E-01 -1.172850E+00 3.809290E-04 1.126913E-03 2.138942E-04 0.000000E+00 0.000000E+00 0.000000E+00 -7.346627E-02 -7.205244E-01 -6.895267E-01 9.950385E-01 -6.447418E-03 -9.928010E-02 6.708799E-02 -6.933995E-01 7.174234E-01 -7.344946E-02 -7.204587E-01 -6.895991E-01 9.950378E-01 -6.391739E-03 -9.930364E-02 6.713713E-02 -6.934700E-01 7.173511E-01 5.765124E-05 3.966673E-04 7.820805E-04 -4.904250E-04 1.336901E-03 3.146512E-04
1.000000E+00 1.000000E+00 2.240000E-03 1.025900E-02 1.186654E+00 6.599000E-01 -1.172780E+00 1.186657E+00 6.598500E-01 -1.172850E+00 -1.188396E-03 1.615583E-03 2.529624E-03 0.000000E+00 0.000000E+00 0.000000E+00 -7.348338E-02 -7.205168E-01 -6.895342E-01 9.950356E-01 -6.431841E-03 -9.931939E-02 6.712680E-02 -6.934088E-01 7.174111E-01 -7.346627E-02 -7.205244E-01 -6.895267E-01 9.950385E-01 -6.447418E-03 -9.928010E-02 6.708799E-02 -6.933995E-01 7.174234E-01 -5.546129E-05 3.732998E-04 1.172497E-03 5.765124E-05 3.966673E-04 7.820805E-04
1.000000E+00 1.000000E+00 5.256000E-03 1.026300E-02 1.186571E+00 6.599050E-01 -1.172686E+00 1.186657E+00 6.598500E-01 -1.172850E+00 -4.781335E-03 1.319141E-03 6.205524E-03 0.000000E+00 0.000000E+00 0.000000E+00 -7.355563E-02 -7.192959E-01 -6.907971E-01 9.950283E-01 -6.308822E-03 -9.938134E-02 6.712576E-02 -6.946736E-01 7.161858E-01 -7.348338E-02 -7.205168E-01 -6.895342E-01 9.950356E-01 -6.431841E-03 -9.931939E-02 6.712680E-02 -6.934088E-01 7.174111E-01 -4.967897E-04 2.970957E-04 1.183311E-03 -5.546129E-05 3.732998E-04 1.172497E-03
1.000000E+00 -1.000000E+00 3.574000E-03 1.026300E-02 1.186680E+00 6.598910E-01 -1.172768E+00 1.186657E+00 6.598500E-01 -1.172850E+00 1.684330E-03 1.716846E-04 1.685454E-04 0.000000E+00 0.000000E+00 0.000000E+00 -7.340201E-02 -7.198189E-01 -6.902718E-01 9.950419E-01 -6.272205E-03 -9.926950E-02 6.712718E-02 -6.941351E-01 7.167084E-01 -7.355563E-02 -7.192959E-01 -6.907971E-01 9.950283E-01 -6.308822E-03 -9.938134E-02 6.712576E-02 -6.946736E-01 7.161858E-01 -4.967897E-04 2.970957E-04 1.183311E-03 -4.967897E-04 2.970957E-04 1.183311E-03
1.000000E+00 1.000000E+00 2.402000E-03 1.027700E-02 1.186660E+00 6.598640E-01 -1.172788E+00 1.186657E+00 6.598500E-01 -1.172850E+00 1.447437E-04 -1.044099E-03 -7.490124E-04 0.000000E+00 0.000000E+00 0.000000E+00 -7.345250E-02 -7.201622E-01 -6.899075E-01 9.950322E-01 -6.301913E-03 -9.935976E-02 6.720776E-02 -6.937780E-01 7.170464E-01 -7.340201E-02 -7.198189E-01 -6.902718E-01 9.950419E-01 -6.272205E-03 -9.926950E-02 6.712718E-02 -6.941351E-01 7.167084E-01 -7.126023E-04 9.788012E-04 6.265481E-04 -7.126023E-04 9.788012E-04 6.265481E-04
1.000000E+00 1.000000E+00 2.201000E-03 1.028800E-02 1.186681E+00 6.598520E-01 -1.172834E+00 1.186657E+00 6.598500E-01 -1.172850E+00 1.019219E-03 -1.174284E-03 -2.498506E-03 0.000000E+00 0.000000E+00 0.000000E+00 -7.348245E-02 -7.202016E-01 -6.898628E-01 9.950305E-01 -6.337880E-03 -9.937142E-02 6.719538E-02 -6.937363E-01 7.170877E-01 -7.345250E-02 -7.201622E-01 -6.899075E-01 9.950322E-01 -6.301913E-03 -9.935976E-02 6.720776E-02 -6.937780E-01 7.170464E-01 -5.403909E-04 8.904002E-04 4.740459E-04 -5.403909E-04 8.904002E-04 4.740459E-04
1.000000E+00 1.000000E+00 2.156000E-03 1.034000E-02 1.186701E+00 6.598420E-01 -1.172887E+00 1.186657E+00 6.598500E-01 -1.172850E+00 1.419845E-03 -1.093856E-03 -3.645663E-03 0.000000E+00 0.000000E+00 0.000000E+00 -7.349503E-02 -7.207206E-01 -6.893201E-01 9.950351E-01 -6.472356E-03 -9.932268E-02 6.712293E-02 -6.931968E-01 7.176164E-01 -7.348245E-02 -7.202016E-01 -6.898628E-01 9.950305E-01 -6.337880E-03 -9.937142E-02 6.719538E-02 -6.937363E-01 7.170877E-01 1.923373E-04 7.088260E-04 4.056955E-04 -5.403909E-04 8.904002E-04 4.740459E-04
1.000000E+00 1.000000E+00 2.220000E-03 1.028500E-02 1.186698E+00 6.598400E-01 -1.172886E+00 1.186657E+00 6.598500E-01 -1.172850E+00 7.462032E-04 -7.671033E-04 -2.214853E-03 0.000000E+00 0.000000E+00 0.000000E+00 -7.351536E-02 -7.206768E-01 -6.893640E-01 9.950337E-01 -6.480091E-03 -9.933783E-02 6.712397E-02 -6.932424E-01 7.175722E-01 -7.349503E-02 -7.207206E-01 -6.893201E-01 9.950351E-01 -6.472356E-03 -9.932268E-02 6.712293E-02 -6.931968E-01 7.176164E-01 1.849032E-04 1.024342E-03 4.544186E-04 1.923373E-04 7.088260E-04 4.056955E-04
-1.000000E+00 1.000000E+00 1.256600E-02 1.029100E-02 1.186698E+00 6.598400E-01 -1.172886E+00 1.186657E+00 6.598500E-01 -1.172850E+00 7.462032E-04 -7.671033E-04 -2.214853E-03 0.000000E+00 0.000000E+00 0.000000E+00 -7.351536E-02 -7.206768E-01 -6.893640E-01 9.950337E-01 -6.480091E-03 -9.933783E-02 6.712397E-02 -6.932424E-01 7.175722E-01 -7.351536E-02 -7.206768E-01 -6.893640E-01 9.950337E-01 -6.480091E-03 -9.933783E-02 6.712397E-02 -6.932424E-01 7.175722E-01 1.088876E-04 4.659863E-04 1.052283E-03 1.849032E-04 1.024342E-03 4.544186E-04
1.000000E+00 1.000000E+00 5.804000E-03 1.027800E-02 1.186649E+00 6.598740E-01 -1.172804E+00 1.186657E+00 6.598500E-01 -1.172850E+00 -1.236993E-03 1.332666E-03 2.541185E-03 0.000000E+00 0.000000E+00 0.000000E+00 -7.349769E-02 -7.201158E-01 -6.899502E-01 9.950315E-01 -6.361959E-03 -9.935669E-02 6.715888E-02 -6.938247E-01 7.170055E-01 -7.351641E-02 -7.204664E-01 -6.895817E-01 9.950302E-01 -6.429473E-03 -9.936300E-02 6.715388E-02 -6.934596E-01 7.173590E-01 -5.885634E-04 9.838943E-04 -3.626191E-04 1.088876E-04 4.659863E-04 1.052283E-03
1.000000E+00 1.000000E+00 1.015000E-02 1.026300E-02 1.186636E+00 6.598910E-01 -1.172758E+00 1.186657E+00 6.598500E-01 -1.172850E+00 -1.255476E-03 1.477092E-03 3.381392E-03 0.000000E+00 0.000000E+00 0.000000E+00 -7.346457E-02 -7.200801E-01 -6.899929E-01 9.950369E-01 -6.349623E-03 -9.931608E-02 6.713509E-02 -6.938637E-01 7.169706E-01 -7.349769E-02 -7.201158E-01 -6.899502E-01 9.950315E-01 -6.361959E-03 -9.935669E-02 6.715888E-02 -6.938247E-01 7.170055E-01 -4.768037E-04 7.428358E-04 8.388387E-04 -5.885634E-04 9.838943E-04 -3.626191E-04
-1.000000E+00 1.000000E+00 8.226000E-03 1.025500E-02 1.186636E+00 6.598910E-01 -1.172758E+00 1.186657E+00 6.598500E-01 -1.172850E+00 -1.255476E-03 1.477092E-03 3.381392E-03 0.000000E+00 0.000000E+00 0.000000E+00 -7.346457E-02 -7.200801E-01 -6.899929E-01 9.950369E-01 -6.349623E-03 -9.931608E-02 6.713509E-02 -6.938637E-01 7.169706E-01 -7.346457E-02 -7.200801E-01 -6.899929E-01 9.950369E-01 -6.349623E-03 -9.931608E-02 6.713509E-02 -6.938637E-01 7.169706E-01 -1.330246E-04 5.287380E-04 5.539923E-04 -4.768037E-04 7.428358E-04 8.388387E-04
1.000000E+00 1.000000E+00 4.645000E-03 1.028200E-02 1.186648E+00 6.598900E-01 -1.172743E+00 1.186657E+00 6.598500E-01 -1.172850E+00 -1.954367E-04 7.002573E-04 2.222908E-03 0.000000E+00 0.000000E+00 0.000000E+00 -7.343612E-02 -7.200485E-01 -6.900267E-01 9.950360E-01 -6.308910E-03 -9.931344E-02 6.715704E-02 -6.938948E-01 7.169378E-01 -7.346457E-02 -7.200801E-01 -6.899929E-01 9.950369E-01 -6.349623E-03 -9.931608E-02 6.713509E-02 -6.938637E-01 7.169706E-01 -5.316474E-04 3.118876E-04 4.176209E-04 -1.330246E-04 5.287380E-04 5.539923E-04
