1.000000E+00 1.000000E+00 3.944000E-03 1.024900E-02 1.178673E+00 6.821690E-01 -1.173579E+00 1.178673E+00 6.821690E-01 -1.173579E+00 1.261051E-03 1.530141E-03 -1.943182E-03 0.000000E+00 0.000000E+00 0.000000E+00 -3.442612E-01 -6.977656E-01 -6.281785E-01 9.362966E-01 -2.056040E-01 -2.847392E-01 6.952538E-02 -6.861858E-01 7.240963E-01 -3.442612E-01 -6.977656E-01 -6.281785E-01 9.362966E-01 -2.056040E-01 -2.847392E-01 6.952538E-02 -6.861858E-01 7.240963E-01 7.212298E-05 -1.439110E-04 -3.397038E-05 0.000000E+00 0.000000E+00 0.000000E+00
1.000000E+00 1.000000E+00 1.562400E-02 1.025800E-02 1.178733E+00 6.821900E-01 -1.173575E+00 1.178673E+00 6.821690E-01 -1.173579E+00 2.625952E-03 1.431681E-03 -7.793738E-04 0.000000E+00 0.000000E+00 0.000000E+00 -3.439397E-01 -6.979002E-01 -6.282064E-01 9.364150E-01 -2.053880E-01 -2.845080E-01 6.953259E-02 -6.861146E-01 7.241633E-01 -3.442612E-01 -6.977656E-01 -6.281785E-01 9.362966E-01 -2.056040E-01 -2.847392E-01 6.952538E-02 -6.861858E-01 7.240963E-01 -4.782654E-04 1.999731E-04 -7.002553E-04 7.212298E-05 -1.439110E-04 -3.397038E-05
-1.000000E+00 1.000000E+00 1.043400E-02 1.026400E-02 1.178733E+00 6.821900E-01 -1.173575E+00 1.178673E+00 6.821690E-01 -1.173579E+00 2.625952E-03 1.431681E-03 -7.793738E-04 0.000000E+00 0.000000E+00 0.000000E+00 -3.439397E-01 -6.979002E-01 -6.282064E-01 9.364150E-01 -2.053880E-01 -2.845080E-01 6.953259E-02 -6.861146E-01 7.241633E-01 -3.439397E-01 -6.979002E-01 -6.282064E-01 9.364150E-01 -2.053880E-01 -2.845080E-01 6.953259E-02 -6.861146E-01 7.241633E-01 -1.047513E-03 -3.589464E-04 1.727189E-04 -4.782654E-04 1.999731E-04 -7.002553E-04
-1.000000E+00 1.000000E+00 1.043400E-02 5.139000E-03 1.178733E+00 6.821900E-01 -1.173575E+00 1.178673E+00 6.821690E-01 -1.173579E+00 2.625952E-03 1.431681E-03 -7.793738E-04 0.000000E+00 0.000000E+00 0.000000E+00 -3.439397E-01 -6.979002E-01 -6.282064E-01 9.364150E-01 -2.053880E-01 -2.845080E-01 6.953259E-02 -6.861146E-01 7.241633E-01 -3.439397E-01 -6.979002E-01 -6.282064E-01 9.364150E-01 -2.053880E-01 -2.845080E-01 6.953259E-02 -6.861146E-01 7.241633E-01 -1.069693E-03 -1.858683E-04 2.255187E-04 -1.069693E-03 -1.858683E-04 2.255187E-04
1.000000E+00 1.000000E+00 3.125900E-02 1.025700E-02 1.178643E+00 6.821360E-01 -1.173587E+00 1.178673E+00 6.821690E-01 -1.173579E+00 -1.184687E-03 -7.551016E-04 -5.056200E-04 0.000000E+00 0.000000E+00 0.000000E+00 -3.440853E-01 -6.988130E-01 -6.271086E-01 9.362395E-01 -2.047513E-01 -2.855381E-01 7.113626E-02 -6.853735E-01 7.247087E-01 -3.439397E-01 -6.979002E-01 -6.282064E-01 9.364150E-01 -2.053880E-01 -2.845080E-01 6.953259E-02 -6.861146E-01 7.241633E-01 -7.462716E-04 -4.510672E-05 -6.699853E-05 -7.462716E-04 -4.510672E-05 -6.699853E-05
1.000000E+00 1.000000E+00 7.173000E-03 1.027500E-02 1.178616E+00 6.821240E-01 -1.173614E+00 1.178673E+00 6.821690E-01 -1.173579E+00 -2.492811E-03 -1.290125E-03 -1.951489E-03 0.000000E+00 0.000000E+00 0.000000E+00 -3.441787E-01 -6.978908E-01 -6.280849E-01 9.363407E-01 -2.057251E-01 -2.845074E-01 6.934249E-02 -6.860224E-01 7.242687E-01 -3.441787E-01 -6.978908E-01 -6.280849E-01 9.363407E-01 -2.057251E-01 -2.845074E-01 6.934249E-02 -6.860224E-01 7.242687E-01 -8.096773E-04 -3.092042E-04 -6.241098E-05 -7.462716E-04 -4.510672E-05 -6.699853E-05
-1.000000E+00 1.000000E+00 7.173000E-03 1.025400E-02 1.178616E+00 6.821240E-01 -1.173614E+00 1.178673E+00 6.821690E-01 -1.173579E+00 -2.492811E-03 -1.290125E-03 -1.951489E-03 0.000000E+00 0.000000E+00 0.000000E+00 -3.441787E-01 -6.978908E-01 -6.280849E-01 9.363407E-01 -2.057251E-01 -2.845074E-01 6.934249E-02 -6.860224E-01 7.242687E-01 -3.441787E-01 -6.978908E-01 -6.280849E-01 9.363407E-01 -2.057251E-01 -2.845074E-01 6.934249E-02 -6.860224E-01 7.242687E-01 -9.585828E-04 2.149618E-04 -9.816899E-05 -8.096773E-04 -3.092042E-04 -6.241098E-05
-1.000000E+00 1.000000E+00 7.173000E-03 1.024100E-02 1.178616E+00 6.821240E-01 -1.173614E+00 1.178673E+00 6.821690E-01 -1.173579E+00 -2.492811E-03 -1.290125E-03 -1.951489E-03 0.000000E+00 0.000000E+00 0.000000E+00 -3.441787E-01 -6.978908E-01 -6.280849E-01 9.363407E-01 -2.057251E-01 -2.845074E-01 6.934249E-02 -6.860224E-01 7.242687E-01 -3.441787E-01 -6.978908E-01 -6.280849E-01 9.363407E-01 -2.057251E-01 -2.845074E-01 6.934249E-02 -6.860224E-01 7.242687E-01 -1.469564E-03 -7.069062E-04 2.686036E-04 -9.585828E-04 2.149618E-04 -9.816899E-05
1.000000E+00 1.000000E+00 2.990000E-03 1.026500E-02 1.178579E+00 6.821770E-01 -1.173579E+00 1.178673E+00 6.821690E-01 -1.173579E+00 -3.407150E-03 1.183899E-03 -5.437660E-05 0.000000E+00 0.000000E+00 0.000000E+00 -3.442187E-01 -6.981468E-01 -6.277764E-01 9.363053E-01 -2.056848E-01 -2.846487E-01 6.960223E-02 -6.857723E-01 7.244803E-01 -3.441787E-01 -6.978908E-01 -6.280849E-01 9.363407E-01 -2.057251E-01 -2.845074E-01 6.934249E-02 -6.860224E-01 7.242687E-01 -1.055056E-03 3.696615E-04 1.094519E-03 -1.469564E-03 -7.069062E-04 2.686036E-04
1.000000E+00 1.000000E+00 7.953000E-03 1.024200E-02 1.178526E+00 6.821320E-01 -1.173526E+00 1.178673E+00 6.821690E-01 -1.173579E+00 -4.592476E-03 -1.306173E-03 2.390709E-03 0.000000E+00 0.000000E+00 0.000000E+00 -3.451261E-01 -6.983694E-01 -6.270330E-01 9.359221E-01 -2.060526E-01 -2.856470E-01 7.028582E-02 -6.854375E-01 7.247315E-01 -3.442187E-01 -6.981468E-01 -6.277764E-01 9.363053E-01 -2.056848E-01 -2.846487E-01 6.960223E-02 -6.857723E-01 7.244803E-01 -1.360145E-03 8.295356E-04 1.912437E-04 -1.055056E-03 3.696615E-04 1.094519E-03
1.000000E+00 -1.000000E+00 6.650000E-03 1.024200E-02 1.178601E+00 6.821150E-01 -1.173578E+00 1.178673E+00 6.821690E-01 -1.173579E+00 5.411125E-04 -1.245906E-03 -7.180588E-04 0.000000E+00 0.000000E+00 0.000000E+00 -3.444717E-01 -6.981569E-01 -6.276272E-01 9.361986E-01 -2.057627E-01 -2.849450E-01 6.979398E-02 -6.857393E-01 7.244931E-01 -3.445006E-01 -6.981681E-01 -6.275995E-01 9.361884E-01 -2.057931E-01 -2.849577E-01 6.979281E-02 -6.857193E-01 7.245123E-01 -1.360145E-03 8.295356E-04 1.912437E-04 -1.360145E-03 8.295356E-04 1.912437E-04
1.000000E+00 1.000000E+00 1.511000E-03 2.049300E-02 1.178583E+00 6.821080E-01 -1.173566E+00 1.178673E+00 6.821690E-01 -1.173579E+00 -4.436861E-04 -1.029686E-03 8.548851E-05 0.000000E+00 0.000000E+00 0.000000E+00 -3.446303E-01 -6.983015E-01 -6.273797E-01 9.361236E-01 -2.057969E-01 -2.851674E-01 7.002005E-02 -6.855822E-01 7.246201E-01 -3.444717E-01 -6.981569E-01 -6.276272E-01 9.361986E-01 -2.057627E-01 -2.849450E-01 6.979398E-02 -6.857393E-01 7.244931E-01 -2.179687E-04 -5.757110E-04 -9.169784E-04 -1.360145E-03 8.295356E-04 1.912437E-04
1.000000E+00 1.000000E+00 7.585000E-03 1.027300E-02 1.178664E+00 6.821410E-01 -1.173635E+00 1.178673E+00 6.821690E-01 -1.173579E+00 3.483024E-03 8.697867E-04 -3.156235E-03 0.000000E+00 0.000000E+00 0.000000E+00 -3.441570E-01 -6.980034E-01 -6.279705E-01 9.363135E-01 -2.054191E-01 -2.848154E-01 6.980490E-02 -6.859986E-01 7.242466E-01 -3.446303E-01 -6.983015E-01 -6.273797E-01 9.361236E-01 -2.057969E-01 -2.851674E-01 7.002005E-02 -6.855822E-01 7.246201E-01 -3.241735E-04 -2.138258E-05 -3.310127E-04 -2.179687E-04 -5.757110E-04 -9.169784E-04
-1.000000E+00 1.000000E+00 1.874300E-02 1.024400E-02 1.178664E+00 6.821410E-01 -1.173635E+00 1.178673E+00 6.821690E-01 -1.173579E+00 3.483024E-03 8.697867E-04 -3.156235E-03 0.000000E+00 0.000000E+00 0.000000E+00 -3.441570E-01 -6.980034E-01 -6.279705E-01 9.363135E-01 -2.054191E-01 -2.848154E-01 6.980490E-02 -6.859986E-01 7.242466E-01 -3.441570E-01 -6.980034E-01 -6.279705E-01 9.363135E-01 -2.054191E-01 -2.848154E-01 6.980490E-02 -6.859986E-01 7.242466E-01 -5.558660E-04 5.636220E-04 -1.260458E-04 -5.558660E-04 5.636220E-04 -1.260458E-04
-1.000000E+00 1.000000E+00 1.874300E-02 1.025500E-02 1.178664E+00 6.821410E-01 -1.173635E+00 1.178673E+00 6.821690E-01 -1.173579E+00 3.483024E-03 8.697867E-04 -3.156235E-03 0.000000E+00 0.000000E+00 0.000000E+00 -3.441570E-01 -6.980034E-01 -6.279705E-01 9.363135E-01 -2.054191E-01 -2.848154E-01 6.980490E-02 -6.859986E-01 7.242466E-01 -3.441570E-01 -6.980034E-01 -6.279705E-01 9.363135E-01 -2.054191E-01 -2.848154E-01 6.980490E-02 -6.859986E-01 7.242466E-01 -8.684185E-04 1.326362E-03 1.613272E-05 -8.684185E-04 1.326362E-03 1.613272E-05
1.000000E+00 1.000000E+00 1.658000E-03 1.025300E-02 1.178506E+00 6.821390E-01 -1.173609E+00 1.178673E+00 6.821690E-01 -1.173579E+00 -3.460438E-03 3.672782E-04 -1.247008E-03 0.000000E+00 0.000000E+00 0.000000E+00 -3.447301E-01 -6.986807E-01 -6.269028E-01 9.360083E-01 -2.052883E-01 -2.859123E-01 7.106580E-02 -6.853486E-01 7.247394E-01 -3.441570E-01 -6.980034E-01 -6.279705E-01 9.363135E-01 -2.054191E-01 -2.848154E-01 6.980490E-02 -6.859986E-01 7.242466E-01 -8.530789E-04 9.337690E-04 8.452988E-04 -8.684185E-04 1.326362E-03 1.613272E-05
1.000000E+00 1.000000E+00 2.438000E-03 1.026000E-02 1.178584E+00 6.821550E-01 -1.173663E+00 1.178673E+00 6.821690E-01 -1.173579E+00 1.409708E-03 9.950573E-04 -3.363197E-03 0.000000E+00 0.000000E+00 0.000000E+00 -3.439201E-01 -6.983100E-01 -6.277606E-01 9.363698E-01 -2.050486E-01 -2.848997E-01 7.022718E-02 -6.857983E-01 7.243957E-01 -3.447301E-01 -6.986807E-01 -6.269028E-01 9.360083E-01 -2.052883E-01 -2.859123E-01 7.106580E-02 -6.853486E-01 7.247394E-01 -1.301820E-03 3.953686E-04 1.669996E-04 -8.530789E-04 9.337690E-04 8.452988E-04
1.000000E+00 1.000000E+00 1.198500E-02 1.021400E-02 1.178634E+00 6.821600E-01 -1.173555E+00 1.178673E+00 6.821690E-01 -1.173579E+00 2.688620E-03 7.274984E-04 2.366295E-03 0.000000E+00 0.000000E+00 0.000000E+00 -3.440757E-01 -6.987518E-01 -6.271835E-01 9.362494E-01 -2.047671E-01 -2.854973E-01 7.106548E-02 -6.854324E-01 7.246602E-01 -3.439201E-01 -6.983100E-01 -6.277606E-01 9.363698E-01 -2.050486E-01 -2.848997E-01 7.022718E-02 -6.857983E-01 7.243957E-01 -8.427200E-04 1.642102E-04 2.206407E-04 -1.301820E-03 3.953686E-04 1.669996E-04
1.000000E+00 1.000000E+00 3.677000E-03 1.025800E-02 1.178633E+00 6.821400E-01 -1.173603E+00 1.178673E+00 6.821690E-01 -1.173579E+00 1.797027E-03 -4.885263E-04 -7.464671E-04 0.000000E+00 0.000000E+00 0.000000E+00 -3.440748E-01 -6.987207E-01 -6.272182E-01 9.362676E-01 -2.049279E-01 -2.853213E-01 7.082555E-02 -6.854157E-01 7.246994E-01 -3.440757E-01 -6.987518E-01 -6.271835E-01 9.362494E-01 -2.047671E-01 -2.854973E-01 7.106548E-02 -6.854324E-01 7.246602E-01 -4.858585E-04 -3.606853E-04 -6.510998E-04 -8.427200E-04 1.642102E-04 2.206407E-04
1.000000E+00 1.000000E+00 7.449000E-03 1.025700E-02 1.178618E+00 6.821250E-01 -1.173678E+00 1.178673E+00 6.821690E-01 -1.173579E+00 4.906418E-04 -1.071419E-03 -4.197851E-03 0.000000E+00 0.000000E+00 0.000000E+00 -3.438800E-01 -6.983057E-01 -6.277865E-01 9.363839E-01 -2.050122E-01 -2.848779E-01 7.022798E-02 -6.858129E-01 7.243816E-01 -3.438800E-01 -6.983057E-01 -6.277865E-01 9.363839E-01 -2.050122E-01 -2.848779E-01 7.022798E-02 -6.858129E-01 7.243816E-01 -7.800939E-04 2.870087E-04 2.464613E-04 -4.858585E-04 -3.606853E-04 -6.510998E-04
1.000000E+00 1.000000E+00 2.450000E-03 1.025000E-02 1.178611E+00 6.821330E-01 -1.173693E+00 1.178673E+00 6.821690E-01 -1.173579E+00 -7.432962E-06 -2.845058E-04 -3.027619E-03 0.000000E+00 0.000000E+00 0.000000E+00 -3.439124E-01 -6.983484E-01 -6.277196E-01 9.363677E-01 -2.050279E-01 -2.849166E-01 7.027062E-02 -6.857634E-01 7.244241E-01 -3.439124E-01 -6.983484E-01 -6.277196E-01 9.363677E-01 -2.050279E-01 -2.849166E-01 7.027062E-02 -6.857634E-01 7.244241E-01 -1.207716E-03 7.539839E-04 3.797694E-04 -7.800939E-04 2.870087E-04 2.464613E-04
-1.000000E+00 1.000000E+00 1.606700E-02 1.024800E-02 1.178611E+00 6.821330E-01 -1.173693E+00 1.178673E+00 6.821690E-01 -1.173579E+00 -7.432962E-06 -2.845058E-04 -3.027619E-03 0.000000E+00 0.000000E+00 0.000000E+00 -3.439124E-01 -6.983484E-01 -6.277196E-01 9.363677E-01 -2.050279E-01 -2.849166E-01 7.027062E-02 -6.857634E-01 7.244241E-01 -3.439124E-01 -6.983484E-01 -6.277196E-01 9.363677E-01 -2.050279E-01 -2.849166E-01 7.027062E-02 -6.857634E-01 7.244241E-01 -1.684675E-03 8.849760E-04 1.467732E-04 -1.207716E-03 7.539839E-04 3.797694E-04
1.000000E+00 -1.000000E+00 2.437300E-02 1.024800E-02 1.178617E+00 6.820840E-01 -1.173572E+00 1.178673E+00 6.821690E-01 -1.173579E+00 1.540690E-04 -1.383603E-03 2.061926E-03 0.000000E+00 0.000000E+00 0.000000E+00 -3.444001E-01 -6.984439E-01 -6.273475E-01 9.361918E-01 -2.055053E-01 -2.851539E-01 7.024081E-02 -6.855246E-01 7.246533E-01 -3.439124E-01 -6.983484E-01 -6.277196E-01 9.363677E-01 -2.050279E-01 -2.849166E-01 7.027062E-02 -6.857634E-01 7.244241E-01 -1.684675E-03 8.849760E-04 1.467732E-04 -1.684675E-03 8.849760E-04 1.467732E-04
-1.000000E+00 1.000000E+00 2.437300E-02 5.142000E-03 1.178617E+00 6.820840E-01 -1.173572E+00 1.178673E+00 6.821690E-01 -1.173579E+00 1.540690E-04 -1.383603E-03 2.061926E-03 0.000000E+00 0.000000E+00 0.000000E+00 -3.444001E-01 -6.984439E-01 -6.273475E-01 9.361918E-01 -2.055053E-01 -2.851539E-01 7.024081E-02 -6.855246E-01 7.246533E-01 -3.444001E-01 -6.984439E-01 -6.273475E-01 9.361918E-01 -2.055053E-01 -2.851539E-01 7.024081E-02 -6.855246E-01 7.246533E-01 -1.236378E-03 1.228901E-04 2.391040E-04 -1.799501E-03 7.160198E-04 6.505629E-04
-1.000000E+00 1.000000E+00 1.960300E-02 1.024800E-02 1.178617E+00 6.820840E-01 -1.173572E+00 1.178673E+00 6.821690E-01 -1.173579E+00 1.540690E-04 -1.383603E-03 2.061926E-03 0.000000E+00 0.000000E+00 0.000000E+00 -3.444001E-01 -6.984439E-01 -6.273475E-01 9.361918E-01 -2.055053E-01 -2.851539E-01 7.024081E-02 -6.855246E-01 7.246533E-01 -3.444001E-01 -6.984439E-01 -6.273475E-01 9.361918E-01 -2.055053E-01 -2.851539E-01 7.024081E-02 -6.855246E-01 7.246533E-01 -7.442944E-04 3.593838E-04 8.016018E-04 -1.236378E-03 1.228901E-04 2.391040E-04
-1.000000E+00 1.000000E+00 1.960300E-02 1.023900E-02 1.178617E+00 6.820840E-01 -1.173572E+00 1.178673E+00 6.821690E-01 -1.173579E+00 1.540690E-04 -1.383603E-03 2.061926E-03 0.000000E+00 0.000000E+00 0.000000E+00 -3.444001E-01 -6.984439E-01 -6.273475E-01 9.361918E-01 -2.055053E-01 -2.851539E-01 7.024081E-02 -6.855246E-01 7.246533E-01 -3.444001E-01 -6.984439E-01 -6.273475E-01 9.361918E-01 -2.055053E-01 -2.851539E-01 7.024081E-02 -6.855246E-01 7.246533E-01 -3.833568E-04 2.052758E-04 4.731984E-04 -7.442944E-04 3.593838E-04 8.016018E-04
-1.000000E+00 1.000000E+00 1.960300E-02 1.027000E-02 1.178617E+00 6.820840E-01 -1.173572E+00 1.178673E+00 6.821690E-01 -1.173579E+00 1.540690E-04 -1.383603E-03 2.061926E-03 0.000000E+00 0.000000E+00 0.000000E+00 -3.444001E-01 -6.984439E-01 -6.273475E-01 9.361918E-01 -2.055053E-01 -2.851539E-01 7.024081E-02 -6.855246E-01 7.246533E-01 -3.444001E-01 -6.984439E-01 -6.273475E-01 9.361918E-01 -2.055053E-01 -2.851539E-01 7.024081E-02 -6.855246E-01 7.246533E-01 -5.784299E-04 2.529387E-04 -1.036770E-04 -3.833568E-04 2.052758E-04 4.731984E-04
1.000000E+00 1.000000E+00 2.772000E-03 1.028900E-02 1.178544E+00 6.821370E-01 -1.173574E+00 1.178673E+00 6.821690E-01 -1.173579E+00 -3.589600E-03 6.266467E-04 -1.210398E-03 0.000000E+00 0.000000E+00 0.000000E+00 -3.450723E-01 -6.983576E-01 -6.270750E-01 9.359307E-01 -2.058975E-01 -2.857290E-01 7.042808E-02 -6.854954E-01 7.246628E-01 -3.444001E-01 -6.984439E-01 -6.273475E-01 9.361918E-01 -2.055053E-01 -2.851539E-01 7.024081E-02 -6.855246E-01 7.246533E-01 -7.388214E-04 -5.721910E-05 3.774756E-04 -5.784299E-04 2.529387E-04 -1.036770E-04
1.000000E+00 1.000000E+00 2.139000E-03 1.028400E-02 1.178602E+00 6.821420E-01 -1.173609E+00 1.178673E+00 6.821690E-01 -1.173579E+00 4.444505E-04 7.518721E-04 -2.842036E-03 0.000000E+00 0.000000E+00 0.000000E+00 -3.441991E-01 -6.980006E-01 -6.279525E-01 9.363246E-01 -2.057021E-01 -2.845783E-01 6.946510E-02 -6.859182E-01 7.243558E-01 -3.450723E-01 -6.983576E-01 -6.270750E-01 9.359307E-01 -2.058975E-01 -2.857290E-01 7.042808E-02 -6.854954E-01 7.246628E-01 -9.382713E-04 -7.232667E-04 4.996942E-05 -7.388214E-04 -5.721910E-05 3.774756E-04
1.000000E+00 1.000000E+00 1.035300E-02 1.024400E-02 1.178660E+00 6.820910E-01 -1.173611E+00 1.178673E+00 6.821690E-01 -1.173579E+00 2.646182E-03 -1.671916E-03 -1.711306E-03 0.000000E+00 0.000000E+00 0.000000E+00 -3.439565E-01 -6.981238E-01 -6.279488E-01 9.364020E-01 -2.054350E-01 -2.845173E-01 6.962622E-02 -6.858732E-01 7.243830E-01 -3.441991E-01 -6.980006E-01 -6.279525E-01 9.363246E-01 -2.057021E-01 -2.845783E-01 6.946510E-02 -6.859182E-01 7.243558E-01 -5.497855E-04 -5.633161E-04 4.919928E-04 -9.382713E-04 -7.232667E-04 4.996942E-05
1.000000E+00 1.000000E+00 1.138000E-02 1.025600E-02 1.178555E+00 6.821560E-01 -1.173550E+00 1.178673E+00 6.821690E-01 -1.173579E+00 -2.698499E-03 1.651913E-03 1.472027E-03 0.000000E+00 0.000000E+00 0.000000E+00 -3.451545E-01 -6.981968E-01 -6.272074E-01 9.359151E-01 -2.060459E-01 -2.856706E-01 7.022072E-02 -6.856135E-01 7.245709E-01 -3.439565E-01 -6.981238E-01 -6.279488E-01 9.364020E-01 -2.054350E-01 -2.845173E-01 6.962622E-02 -6.858732E-01 7.243830E-01 -9.881774E-04 3.258404E-04 1.664206E-04 -5.497855E-04 -5.633161E-04 4.919928E-04
-1.000000E+00 1.000000E+00 6.779000E-03 1.026400E-02 1.178555E+00 6.821560E-01 -1.173550E+00 1.178673E+00 6.821690E-01 -1.173579E+00 -2.698499E-03 1.651913E-03 1.472027E-03 0.000000E+00 0.000000E+00 0.000000E+00 -3.451545E-01 -6.981968E-01 -6.272074E-01 9.359151E-01 -2.060459E-01 -2.856706E-01 7.022072E-02 -6.856135E-01 7.245709E-01 -3.451545E-01 -6.981968E-01 -6.272074E-01 9.359151E-01 -2.060459E-01 -2.856706E-01 7.022072E-02 -6.856135E-01 7.245709E-01 -1.286860E-03 5.985333E-04 7.899536E-05 -9.881774E-04 3.258404E-04 1.664206E-04
1.000000E+00 1.000000E+00 2.959600E-02 1.024600E-02 1.178730E+00 6.821510E-01 -1.173501E+00 1.178673E+00 6.821690E-01 -1.173579E+00 3.161000E-03 4.129482E-04 1.596956E-03 0.000000E+00 0.000000E+00 0.000000E+00 -3.445173E-01 -6.980984E-01 -6.276676E-01 9.361377E-01 -2.053413E-01 -2.854492E-01 7.038560E-02 -6.859255E-01 7.242597E-01 -3.451545E-01 -6.981968E-01 -6.272074E-01 9.359151E-01 -2.060459E-01 -2.856706E-01 7.022072E-02 -6.856135E-01 7.245709E-01 -1.307907E-03 3.840436E-04 6.474202E-04 -1.307907E-03 3.840436E-04 6.474202E-04
1.000000E+00 1.000000E+00 5.592000E-03 1.026600E-02 1.178801E+00 6.821590E-01 -1.173538E+00 1.178673E+00 6.821690E-01 -1.173579E+00 7.140331E-03 8.535740E-04 -9.195700E-04 0.000000E+00 0.000000E+00 0.000000E+00 -3.436290E-01 -6.978914E-01 -6.283851E-01 9.365122E-01 -2.049618E-01 -2.844936E-01 6.975096E-02 -6.862502E-01 7.240136E-01 -3.436290E-01 -6.978914E-01 -6.283851E-01 9.365122E-01 -2.049618E-01 -2.844936E-01 6.975096E-02 -6.862502E-01 7.240136E-01 -1.795515E-03 3.676324E-04 4.249966E-04 -1.795515E-03 3.676324E-04 4.249966E-04
1.000000E+00 1.000000E+00 2.885000E-03 1.028600E-02 1.178621E+00 6.821220E-01 -1.173605E+00 1.178673E+00 6.821690E-01 -1.173579E+00 -2.982763E-03 -7.524662E-04 -2.408239E-03 0.000000E+00 0.000000E+00 0.000000E+00 -3.441644E-01 -6.978965E-01 -6.280864E-01 9.363422E-01 -2.056793E-01 -2.845353E-01 6.939204E-02 -6.860303E-01 7.242565E-01 -3.436290E-01 -6.978914E-01 -6.283851E-01 9.365122E-01 -2.049618E-01 -2.844936E-01 6.975096E-02 -6.862502E-01 7.240136E-01 -2.790971E-04 7.141063E-04 2.866369E-04 -1.795515E-03 3.676324E-04 4.249966E-04
-1.000000E+00 1.000000E+00 1.021000E-02 1.027300E-02 1.178621E+00 6.821220E-01 -1.173605E+00 1.178673E+00 6.821690E-01 -1.173579E+00 -2.982763E-03 -7.524662E-04 -2.408239E-03 0.000000E+00 0.000000E+00 0.000000E+00 -3.441644E-01 -6.978965E-01 -6.280864E-01 9.363422E-01 -2.056793E-01 -2.845353E-01 6.939204E-02 -6.860303E-01 7.242565E-01 -3.441644E-01 -6.978965E-01 -6.280864E-01 9.363422E-01 -2.056793E-01 -2.845353E-01 6.939204E-02 -6.860303E-01 7.242565E-01 -6.126618E-04 1.247795E-04 -8.081412E-06 -2.790971E-04 7.141063E-04 2.866369E-04
-1.000000E+00 1.000000E+00 1.021000E-02 1.027200E-02 1.178621E+00 6.821220E-01 -1.173605E+00 1.178673E+00 6.821690E-01 -1.173579E+00 -2.982763E-03 -7.524662E-04 -2.408239E-03 0.000000E+00 0.000000E+00 0.000000E+00 -3.441644E-01 -6.978965E-01 -6.280864E-01 9.363422E-01 -2.056793E-01 -2.845353E-01 6.939204E-02 -6.860303E-01 7.242565E-01 -3.441644E-01 -6.978965E-01 -6.280864E-01 9.363422E-01 -2.056793E-01 -2.845353E-01 6.939204E-02 -6.860303E-01 7.242565E-01 -4.680320E-04 5.948720E-04 -2.951092E-04 -6.126618E-04 1.247795E-04 -8.081412E-06
1.000000E+00 1.000000E+00 3.094700E-02 1.028400E-02 1.178616E+00 6.821400E-01 -1.173615E+00 1.178673E+00 6.821690E-01 -1.173579E+00 -1.035976E-03 1.681432E-04 -9.693963E-04 0.000000E+00 0.000000E+00 0.000000E+00 -3.441339E-01 -6.979224E-01 -6.280740E-01 9.363541E-01 -2.056733E-01 -2.845002E-01 6.938120E-02 -6.860055E-01 7.242809E-01 -3.441644E-01 -6.978965E-01 -6.280864E-01 9.363422E-01 -2.056793E-01 -2.845353E-01 6.939204E-02 -6.860303E-01 7.242565E-01 -5.532520E-04 5.680722E-04 4.773771E-04 -4.680320E-04 5.948720E-04 -2.951092E-04
1.000000E+00 1.000000E+00 8.306000E-03 1.027900E-02 1.178634E+00 6.821170E-01 -1.173686E+00 1.178673E+00 6.821690E-01 -1.173579E+00 1.621156E-04 -9.305057E-04 -3.804134E-03 0.000000E+00 0.000000E+00 0.000000E+00 -3.437260E-01 -6.983988E-01 -6.277673E-01 9.364205E-01 -2.047299E-01 -2.849606E-01 7.049347E-02 -6.858025E-01 7.243657E-01 -3.441339E-01 -6.979224E-01 -6.280740E-01 9.363541E-01 -2.056733E-01 -2.845002E-01 6.938120E-02 -6.860055E-01 7.242809E-01 -1.524672E-03 1.375057E-03 6.325048E-04 -5.532520E-04 5.680722E-04 4.773771E-04
1.000000E+00 1.000000E+00 5.125000E-03 1.027300E-02 1.178533E+00 6.820970E-01 -1.173601E+00 1.178673E+00 6.821690E-01 -1.173579E+00 -5.190360E-03 -1.731092E-03 1.688438E-03 0.000000E+00 0.000000E+00 0.000000E+00 -3.446296E-01 -6.988037E-01 -6.268194E-01 9.360248E-01 -2.050721E-01 -2.860103E-01 7.132165E-02 -6.852866E-01 7.247726E-01 -3.437260E-01 -6.983988E-01 -6.277673E-01 9.364205E-01 -2.047299E-01 -2.849606E-01 7.049347E-02 -6.858025E-01 7.243657E-01 -1.383963E-03 1.713236E-03 3.719569E-04 -1.524672E-03 1.375057E-03 6.325048E-04
-1.000000E+00 1.000000E+00 5.125000E-03 1.026200E-02 1.178533E+00 6.820970E-01 -1.173601E+00 1.178673E+00 6.821690E-01 -1.173579E+00 -5.190360E-03 -1.731092E-03 1.688438E-03 0.000000E+00 0.000000E+00 0.000000E+00 -3.446296E-01 -6.988037E-01 -6.268194E-01 9.360248E-01 -2.050721E-01 -2.860103E-01 7.132165E-02 -6.852866E-01 7.247726E-01 -3.446296E-01 -6.988037E-01 -6.268194E-01 9.360248E-01 -2.050721E-01 -2.860103E-01 7.132165E-02 -6.852866E-01 7.247726E-01 -6.730775E-04 1.171217E-03 2.723923E-04 -1.383963E-03 1.713236E-03 3.719569E-04
-1.000000E+00 1.000000E+00 3.206000E-02 5.166000E-03 1.178533E+00 6.820970E-01 -1.173601E+00 1.178673E+00 6.821690E-01 -1.173579E+00 -5.190360E-03 -1.731092E-03 1.688438E-03 0.000000E+00 0.000000E+00 0.000000E+00 -3.446296E-01 -6.988037E-01 -6.268194E-01 9.360248E-01 -2.050721E-01 -2.860103E-01 7.132165E-02 -6.852866E-01 7.247726E-01 -3.446296E-01 -6.988037E-01 -6.268194E-01 9.360248E-01 -2.050721E-01 -2.860103E-01 7.132165E-02 -6.852866E-01 7.247726E-01 -1.080106E-04 3.559084E-04 -1.691278E-04 -2.287739E-05 1.204808E-04 -2.515234E-04
1.000000E+00 1.000000E+00 3.402000E-03 1.026700E-02 1.178512E+00 6.821440E-01 -1.173546E+00 1.178673E+00 6.821690E-01 -1.173579E+00 -8.997763E-03 -4.179502E-04 -5.533351E-04 0.000000E+00 0.000000E+00 0.000000E+00 -3.451213E-01 -6.983694E-01 -6.270327E-01 9.359203E-01 -2.060330E-01 -2.856612E-01 7.030731E-02 -6.854409E-01 7.247257E-01 -3.446296E-01 -6.988037E-01 -6.268194E-01 9.360248E-01 -2.050721E-01 -2.860103E-01 7.132165E-02 -6.852866E-01 7.247726E-01 -6.958315E-04 2.825719E-04 4.410649E-04 -1.080106E-04 3.559084E-04 -1.691278E-04
1.000000E+00 1.000000E+00 8.311000E-03 1.029100E-02 1.178715E+00 6.821090E-01 -1.173633E+00 1.178673E+00 6.821690E-01 -1.173579E+00 3.508671E-03 -1.837356E-03 -4.263264E-03 0.000000E+00 0.000000E+00 0.000000E+00 -3.433734E-01 -6.986098E-01 -6.277256E-01 9.365336E-01 -2.043689E-01 -2.848482E-01 7.071019E-02 -6.856952E-01 7.244461E-01 -3.451213E-01 -6.983694E-01 -6.270327E-01 9.359203E-01 -2.060330E-01 -2.856612E-01 7.030731E-02 -6.854409E-01 7.247257E-01 -9.412313E-04 4.428810E-04 9.965304E-04 -6.958315E-04 2.825719E-04 4.410649E-04
-1.000000E+00 1.000000E+00 7.824000E-03 1.026700E-02 1.178715E+00 6.821090E-01 -1.173633E+00 1.178673E+00 6.821690E-01 -1.173579E+00 3.508671E-03 -1.837356E-03 -4.263264E-03 0.000000E+00 0.000000E+00 0.000000E+00 -3.433734E-01 -6.986098E-01 -6.277256E-01 9.365336E-01 -2.043689E-01 -2.848482E-01 7.071019E-02 -6.856952E-01 7.244461E-01 -3.433734E-01 -6.986098E-01 -6.277256E-01 9.365336E-01 -2.043689E-01 -2.848482E-01 7.071019E-02 -6.856952E-01 7.244461E-01 -9.954718E-04 1.122533E-03 7.582993E-04 -9.412313E-04 4.428810E-04 9.965304E-04
1.000000E+00 -1.000000E+00 1.777900E-02 1.026700E-02 1.178648E+00 6.820890E-01 -1.173620E+00 1.178673E+00 6.821690E-01 -1.173579E+00 -5.754434E-04 -1.437522E-03 -1.460253E-03 0.000000E+00 0.000000E+00 0.000000E+00 -3.438753E-01 -6.988934E-01 -6.271351E-01 9.363195E-01 -2.046317E-01 -2.853633E-01 7.110690E-02 -6.853279E-01 7.247548E-01 -3.433734E-01 -6.986098E-01 -6.277256E-01 9.365336E-01 -2.043689E-01 -2.848482E-01 7.071019E-02 -6.856952E-01 7.244461E-01 -9.954718E-04 1.122533E-03 7.582993E-04 -9.954718E-04 1.122533E-03 7.582993E-04
-1.000000E+00 1.000000E+00 1.777900E-02 1.026600E-02 1.178648E+00 6.820890E-01 -1.173620E+00 1.178673E+00 6.821690E-01 -1.173579E+00 -5.754434E-04 -1.437522E-03 -1.460253E-03 0.000000E+00 0.000000E+00 0.000000E+00 -3.438753E-01 -6.988934E-01 -6.271351E-01 9.363195E-01 -2.046317E-01 -2.853633E-01 7.110690E-02 -6.853279E-01 7.247548E-01 -3.438753E-01 -6.988934E-01 -6.271351E-01 9.363195E-01 -2.046317E-01 -2.853633E-01 7.110690E-02 -6.853279E-01 7.247548E-01 -8.791737E-04 1.293873E-03 1.319044E-03 -8.791737E-04 1.293873E-03 1.319044E-03
-1.000000E+00 1.000000E+00 1.777900E-02 1.026900E-02 1.178648E+00 6.820890E-01 -1.173620E+00 1.178673E+00 6.821690E-01 -1.173579E+00 -5.754434E-04 -1.437522E-03 -1.460253E-03 0.000000E+00 0.000000E+00 0.000000E+00 -3.438753E-01 -6.988934E-01 -6.271351E-01 9.363195E-01 -2.046317E-01 -2.853633E-01 7.110690E-02 -6.853279E-01 7.247548E-01 -3.438753E-01 -6.988934E-01 -6.271351E-01 9.363195E-01 -2.046317E-01 -2.853633E-01 7.110690E-02 -6.853279E-01 7.247548E-01 -1.022586E-03 9.702033E-04 6.725751E-05 -1.022586E-03 9.702033E-04 6.725751E-05
-1.000000E+00 1.000000E+00 1.777900E-02 1.026600E-02 1.178648E+00 6.820890E-01 -1.173620E+00 1.178673E+00 6.821690E-01 -1.173579E+00 -5.754434E-04 -1.437522E-03 -1.460253E-03 0.000000E+00 0.000000E+00 0.000000E+00 -3.438753E-01 -6.988934E-01 -6.271351E-01 9.363195E-01 -2.046317E-01 -2.853633E-01 7.110690E-02 -6.853279E-01 7.247548E-01 -3.438753E-01 -6.988934E-01 -6.271351E-01 9.363195E-01 -2.046317E-01 -2.853633E-01 7.110690E-02 -6.853279E-01 7.247548E-01 -1.248282E-03 6.299671E-04 2.610589E-04 -1.022586E-03 9.702033E-04 6.725751E-05
1.000000E+00 1.000000E+00 3.752000E-02 1.025200E-02 1.178496E+00 6.821230E-01 -1.173626E+00 1.178673E+00 6.821690E-01 -1.173579E+00 -3.111604E-03 2.726264E-04 -5.114260E-04 0.000000E+00 0.000000E+00 0.000000E+00 -3.448028E-01 -6.985604E-01 -6.269984E-01 9.359909E-01 -2.053754E-01 -2.859097E-01 7.095573E-02 -6.854463E-01 7.246579E-01 -3.438753E-01 -6.988934E-01 -6.271351E-01 9.363195E-01 -2.046317E-01 -2.853633E-01 7.110690E-02 -6.853279E-01 7.247548E-01 -1.521886E-03 6.800196E-05 -4.489955E-04 -1.248282E-03 6.299671E-04 2.610589E-04
1.000000E+00 1.000000E+00 3.353000E-03 1.027100E-02 1.178633E+00 6.821250E-01 -1.173618E+00 1.178673E+00 6.821690E-01 -1.173579E+00 5.433763E-03 3.355653E-04 5.165357E-05 0.000000E+00 0.000000E+00 0.000000E+00 -3.442318E-01 -6.979487E-01 -6.279907E-01 9.363167E-01 -2.057568E-01 -2.845620E-01 6.939642E-02 -6.859534E-01 7.243288E-01 -3.448028E-01 -6.985604E-01 -6.269984E-01 9.359909E-01 -2.053754E-01 -2.859097E-01 7.095573E-02 -6.854463E-01 7.246579E-01 -1.462973E-03 5.818456E-04 7.795478E-05 -1.521886E-03 6.800196E-05 -4.489955E-04
1.000000E+00 1.000000E+00 3.569000E-03 1.026000E-02 1.178653E+00 6.821210E-01 -1.173620E+00 1.178673E+00 6.821690E-01 -1.173579E+00 3.686540E-03 2.563798E-05 -4.947383E-05 0.000000E+00 0.000000E+00 0.000000E+00 -3.440526E-01 -6.978539E-01 -6.281950E-01 9.363797E-01 -2.055296E-01 -2.845202E-01 6.944111E-02 -6.861185E-01 7.241682E-01 -3.442318E-01 -6.979487E-01 -6.279907E-01 9.363167E-01 -2.057568E-01 -2.845620E-01 6.939642E-02 -6.859534E-01 7.243288E-01 -1.335887E-03 7.621192E-04 8.373292E-04 -1.462973E-03 5.818456E-04 7.795478E-05
1.000000E+00 1.000000E+00 3.075000E-03 1.026100E-02 1.178625E+00 6.821370E-01 -1.173615E+00 1.178673E+00 6.821690E-01 -1.173579E+00 1.043125E-03 7.340619E-04 1.935335E-04 0.000000E+00 0.000000E+00 0.000000E+00 -3.443202E-01 -6.979775E-01 -6.279094E-01 9.362680E-01 -2.056909E-01 -2.847679E-01 6.960617E-02 -6.859431E-01 7.243182E-01 -3.440526E-01 -6.978539E-01 -6.281950E-01 9.363797E-01 -2.055296E-01 -2.845202E-01 6.944111E-02 -6.861185E-01 7.241682E-01 -1.419826E-03 1.048361E-03 4.145131E-04 -1.335887E-03 7.621192E-04 8.373292E-04
-1.000000E+00 1.000000E+00 1.039700E-02 1.026400E-02 1.178625E+00 6.821370E-01 -1.173615E+00 1.178673E+00 6.821690E-01 -1.173579E+00 1.043125E-03 7.340619E-04 1.935335E-04 0.000000E+00 0.000000E+00 0.000000E+00 -3.443202E-01 -6.979775E-01 -6.279094E-01 9.362680E-01 -2.056909E-01 -2.847679E-01 6.960617E-02 -6.859431E-01 7.243182E-01 -3.443202E-01 -6.979775E-01 -6.279094E-01 9.362680E-01 -2.056909E-01 -2.847679E-01 6.960617E-02 -6.859431E-01 7.243182E-01 -5.399252E-04 6.071342E-04 5.596447E-04 -1.419826E-03 1.048361E-03 4.145131E-04
1.000000E+00 1.000000E+00 2.403000E-03 1.027000E-02 1.178655E+00 6.821360E-01 -1.173617E+00 1.178673E+00 6.821690E-01 -1.173579E+00 2.036769E-04 1.865494E-03 1.262797E-04 0.000000E+00 0.000000E+00 0.000000E+00 -3.442380E-01 -6.978245E-01 -6.281225E-01 9.363174E-01 -2.057543E-01 -2.845558E-01 6.933044E-02 -6.860782E-01 7.242164E-01 -3.443202E-01 -6.979775E-01 -6.279094E-01 9.362680E-01 -2.056909E-01 -2.847679E-01 6.960617E-02 -6.859431E-01 7.243182E-01 -1.015134E-03 5.979356E-05 5.074462E-04 -5.399252E-04 6.071342E-04 5.596447E-04
-1.000000E+00 1.000000E+00 7.961000E-03 1.027700E-02 1.178655E+00 6.821360E-01 -1.173617E+00 1.178673E+00 6.821690E-01 -1.173579E+00 2.036769E-04 1.865494E-03 1.262797E-04 0.000000E+00 0.000000E+00 0.000000E+00 -3.442380E-01 -6.978245E-01 -6.281225E-01 9.363174E-01 -2.057543E-01 -2.845558E-01 6.933044E-02 -6.860782E-01 7.242164E-01 -3.442380E-01 -6.978245E-01 -6.281225E-01 9.363174E-01 -2.057543E-01 -2.845558E-01 6.933044E-02 -6.860782E-01 7.242164E-01 -5.836966E-04 -1.808111E-05 4.042329E-04 -1.015134E-03 5.979356E-05 5.074462E-04
1.000000E+00 -1.000000E+00 2.968000E-03 1.027700E-02 1.178533E+00 6.821280E-01 -1.173528E+00 1.178673E+00 6.821690E-01 -1.173579E+00 -3.921319E-03 5.900089E-04 2.986354E-03 0.000000E+00 0.000000E+00 0.000000E+00 -3.451531E-01 -6.982940E-01 -6.270983E-01 9.359125E-01 -2.060693E-01 -2.856590E-01 7.024772E-02 -6.855061E-01 7.246697E-01 -3.442380E-01 -6.978245E-01 -6.281225E-01 9.363174E-01 -2.057543E-01 -2.845558E-01 6.933044E-02 -6.860782E-01 7.242164E-01 -5.836966E-04 -1.808111E-05 4.042329E-04 -5.836966E-04 -1.808111E-05 4.042329E-04
1.000000E+00 1.000000E+00 3.146000E-03 1.029200E-02 1.178519E+00 6.821300E-01 -1.173539E+00 1.178673E+00 6.821690E-01 -1.173579E+00 -5.553321E-03 -8.568876E-05 1.309357E-03 0.000000E+00 0.000000E+00 0.000000E+00 -3.450303E-01 -6.982540E-01 -6.272135E-01 9.359685E-01 -2.060325E-01 -2.855078E-01 7.013084E-02 -6.855605E-01 7.246301E-01 -3.451531E-01 -6.982940E-01 -6.270983E-01 9.359125E-01 -2.060693E-01 -2.856590E-01 7.024772E-02 -6.855061E-01 7.246697E-01 -9.807003E-04 4.017325E-04 -4.964370E-04 -9.807003E-04 4.017325E-04 -4.964370E-04
-1.000000E+00 1.000000E+00 9.112000E-03 1.026800E-02 1.178519E+00 6.821300E-01 -1.173539E+00 1.178673E+00 6.821690E-01 -1.173579E+00 -5.553321E-03 -8.568876E-05 1.309357E-03 0.000000E+00 0.000000E+00 0.000000E+00 -3.450303E-01 -6.982540E-01 -6.272135E-01 9.359685E-01 -2.060325E-01 -2.855078E-01 7.013084E-02 -6.855605E-01 7.246301E-01 -3.450303E-01 -6.982540E-01 -6.272135E-01 9.359685E-01 -2.060325E-01 -2.855078E-01 7.013084E-02 -6.855605E-01 7.246301E-01 -1.852510E-03 9.425703E-04 -9.226694E-06 -1.852510E-03 9.425703E-04 -9.226694E-06
1.000000E+00 1.000000E+00 4.706000E-03 1.027200E-02 1.178649E+00 6.821710E-01 -1.173583E+00 1.178673E+00 6.821690E-01 -1.173579E+00 1.908280E-03 1.065803E-03 9.569672E-04 0.000000E+00 0.000000E+00 0.000000E+00 -3.441655E-01 -6.986322E-01 -6.272664E-01 9.362164E-01 -2.047953E-01 -2.855833E-01 7.105650E-02 -6.855450E-01 7.245544E-01 -3.438479E-01 -6.977819E-01 -6.283864E-01 9.363759E-01 -2.045532E-01 -2.852342E-01 7.049284E-02 -6.864829E-01 7.237210E-01 -7.412110E-04 4.597953E-04 2.327779E-04 -1.852510E-03 9.425703E-04 -9.226694E-06
1.000000E+00 1.000000E+00 9.932000E-03 1.028000E-02 1.178668E+00 6.821560E-01 -1.173596E+00 1.178673E+00 6.821690E-01 -1.173579E+00 1.910250E-03 -7.776789E-06 1.266550E-05 0.000000E+00 0.000000E+00 0.000000E+00 -3.442560E-01 -6.978438E-01 -6.280946E-01 9.362907E-01 -2.055573E-01 -2.847926E-01 6.963150E-02 -6.861204E-01 7.241481E-01 -3.441655E-01 -6.986322E-01 -6.272664E-01 9.362164E-01 -2.047953E-01 -2.855833E-01 7.105650E-02 -6.855450E-01 7.245544E-01 -1.051288E-04 1.419576E-04 -8.055662E-04 -7.412110E-04 4.597953E-04 2.327779E-04
-1.000000E+00 1.000000E+00 1.150700E-02 1.028500E-02 1.178668E+00 6.821560E-01 -1.173596E+00 1.178673E+00 6.821690E-01 -1.173579E+00 1.910250E-03 -7.776789E-06 1.266550E-05 0.000000E+00 0.000000E+00 0.000000E+00 -3.442560E-01 -6.978438E-01 -6.280946E-01 9.362907E-01 -2.055573E-01 -2.847926E-01 6.963150E-02 -6.861204E-01 7.241481E-01 -3.442560E-01 -6.978438E-01 -6.280946E-01 9.362907E-01 -2.055573E-01 -2.847926E-01 6.963150E-02 -6.861204E-01 7.241481E-01 -2.591390E-04 8.344279E-04 2.164200E-04 -1.051288E-04 1.419576E-04 -8.055662E-04
-1.000000E+00 1.000000E+00 1.150700E-02 5.144000E-03 1.178668E+00 6.821560E-01 -1.173596E+00 1.178673E+00 6.821690E-01 -1.173579E+00 1.910250E-03 -7.776789E-06 1.266550E-05 0.000000E+00 0.000000E+00 0.000000E+00 -3.442560E-01 -6.978438E-01 -6.280946E-01 9.362907E-01 -2.055573E-01 -2.847926E-01 6.963150E-02 -6.861204E-01 7.241481E-01 -3.442560E-01 -6.978438E-01 -6.280946E-01 9.362907E-01 -2.055573E-01 -2.847926E-01 6.963150E-02 -6.861204E-01 7.241481E-01 -5.449574E-04 8.005568E-04 -4.892310E-04 -5.449574E-04 8.005568E-04 -4.892310E-04
-1.000000E+00 1.000000E+00 1.150700E-02 1.024600E-02 1.178668E+00 6.821560E-01 -1.173596E+00 1.178673E+00 6.821690E-01 -1.173579E+00 1.910250E-03 -7.776789E-06 1.266550E-05 0.000000E+00 0.000000E+00 0.000000E+00 -3.442560E-01 -6.978438E-01 -6.280946E-01 9.362907E-01 -2.055573E-01 -2.847926E-01 6.963150E-02 -6.861204E-01 7.241481E-01 -3.442560E-01 -6.978438E-01 -6.280946E-01 9.362907E-01 -2.055573E-01 -2.847926E-01 6.963150E-02 -6.861204E-01 7.241481E-01 -7.473382E-04 1.178703E-03 4.807737E-04 -7.473382E-04 1.178703E-03 4.807737E-04
-1.000000E+00 1.000000E+00 3.444900E-02 1.024900E-02 1.178668E+00 6.821370E-01 -1.173517E+00 1.178673E+00 6.821690E-01 -1.173579E+00 5.491837E-04 -3.952118E-04 1.637594E-03 0.000000E+00 0.000000E+00 0.000000E+00 -3.443284E-01 -6.983843E-01 -6.274532E-01 9.362194E-01 -2.054306E-01 -2.851168E-01 7.022297E-02 -6.856076E-01 7.245764E-01 -3.442560E-01 -6.978438E-01 -6.280946E-01 9.362907E-01 -2.055573E-01 -2.847926E-01 6.963150E-02 -6.861204E-01 7.241481E-01 -1.580843E-03 3.549957E-04 -3.377407E-04 -7.473382E-04 1.178703E-03 4.807737E-04
-1.000000E+00 1.000000E+00 1.435600E-02 1.026400E-02 1.178668E+00 6.821370E-01 -1.173517E+00 1.178673E+00 6.821690E-01 -1.173579E+00 5.491837E-04 -3.952118E-04 1.637594E-03 0.000000E+00 0.000000E+00 0.000000E+00 -3.443284E-01 -6.983843E-01 -6.274532E-01 9.362194E-01 -2.054306E-01 -2.851168E-01 7.022297E-02 -6.856076E-01 7.245764E-01 -3.443284E-01 -6.983843E-01 -6.274532E-01 9.362194E-01 -2.054306E-01 -2.851168E-01 7.022297E-02 -6.856076E-01 7.245764E-01 -1.297218E-03 5.456793E-04 7.131272E-04 -1.580843E-03 3.549957E-04 -3.377407E-04
1.000000E+00 1.000000E+00 2.865000E-03 1.032400E-02 1.178629E+00 6.821190E-01 -1.173473E+00 1.178673E+00 6.821690E-01 -1.173579E+00 -9.595089E-04 -7.186737E-04 2.042293E-03 0.000000E+00 0.000000E+00 0.000000E+00 -3.447307E-01 -6.985406E-01 -6.270579E-01 9.360444E-01 -2.055813E-01 -2.855819E-01 7.057912E-02 -6.854030E-01 7.247353E-01 -3.443284E-01 -6.983843E-01 -6.274532E-01 9.362194E-01 -2.054306E-01 -2.851168E-01 7.022297E-02 -6.856076E-01 7.245764E-01 -7.370156E-04 -7.337766E-04 6.749623E-04 -1.297218E-03 5.456793E-04 7.131272E-04
-1.000000E+00 1.000000E+00 2.865000E-03 1.024800E-02 1.178629E+00 6.821190E-01 -1.173473E+00 1.178673E+00 6.821690E-01 -1.173579E+00 -9.595089E-04 -7.186737E-04 2.042293E-03 0.000000E+00 0.000000E+00 0.000000E+00 -3.447307E-01 -6.985406E-01 -6.270579E-01 9.360444E-01 -2.055813E-01 -2.855819E-01 7.057912E-02 -6.854030E-01 7.247353E-01 -3.447307E-01 -6.985406E-01 -6.270579E-01 9.360444E-01 -2.055813E-01 -2.855819E-01 7.057912E-02 -6.854030E-01 7.247353E-01 -8.895989E-04 -1.667726E-04 -1.731189E-04 -7.370156E-04 -7.337766E-04 6.749623E-04
1.000000E+00 1.000000E+00 1.894000E-03 1.029000E-02 1.178551E+00 6.821320E-01 -1.173638E+00 1.178673E+00 6.821690E-01 -1.173579E+00 -4.176179E-03 3.801272E-04 -7.964909E-03 0.000000E+00 0.000000E+00 0.000000E+00 -3.442842E-01 -6.984895E-01 -6.273602E-01 9.361981E-01 -2.050760E-01 -2.854418E-01 7.072155E-02 -6.856065E-01 7.245289E-01 -3.448004E-01 -6.985219E-01 -6.270419E-01 9.360166E-01 -2.056013E-01 -2.856615E-01 7.062061E-02 -6.854172E-01 7.247181E-01 -1.078086E-03 -3.997420E-04 -1.363143E-04 -8.895989E-04 -1.667726E-04 -1.731189E-04
-1.000000E+00 1.000000E+00 1.894000E-03 1.025000E-02 1.178551E+00 6.821320E-01 -1.173638E+00 1.178673E+00 6.821690E-01 -1.173579E+00 -4.176179E-03 3.801272E-04 -7.964909E-03 0.000000E+00 0.000000E+00 0.000000E+00 -3.442842E-01 -6.984895E-01 -6.273602E-01 9.361981E-01 -2.050760E-01 -2.854418E-01 7.072155E-02 -6.856065E-01 7.245289E-01 -3.442842E-01 -6.984895E-01 -6.273602E-01 9.361981E-01 -2.050760E-01 -2.854418E-01 7.072155E-02 -6.856065E-01 7.245289E-01 -6.647548E-04 8.700411E-04 7.806087E-05 -1.078086E-03 -3.997420E-04 -1.363143E-04
-1.000000E+00 1.000000E+00 2.121500E-02 1.025000E-02 1.178551E+00 6.821320E-01 -1.173638E+00 1.178673E+00 6.821690E-01 -1.173579E+00 -4.176179E-03 3.801272E-04 -7.964909E-03 0.000000E+00 0.000000E+00 0.000000E+00 -3.442842E-01 -6.984895E-01 -6.273602E-01 9.361981E-01 -2.050760E-01 -2.854418E-01 7.072155E-02 -6.856065E-01 7.245289E-01 -3.442842E-01 -6.984895E-01 -6.273602E-01 9.361981E-01 -2.050760E-01 -2.854418E-01 7.072155E-02 -6.856065E-01 7.245289E-01 -9.426151E-04 1.194870E-03 6.976057E-04 -6.647548E-04 8.700411E-04 7.806087E-05
1.000000E+00 -1.000000E+00 2.387800E-02 1.025000E-02 1.178596E+00 6.821540E-01 -1.173623E+00 1.178673E+00 6.821690E-01 -1.173579E+00 -3.454099E-04 7.222131E-04 -2.533544E-03 0.000000E+00 0.000000E+00 0.000000E+00 -3.442038E-01 -6.979872E-01 -6.279614E-01 9.363207E-01 -2.057021E-01 -2.845842E-01 6.946272E-02 -6.859291E-01 7.243451E-01 -3.442038E-01 -6.979872E-01 -6.279614E-01 9.363207E-01 -2.057021E-01 -2.845842E-01 6.946272E-02 -6.859291E-01 7.243451E-01 -9.426151E-04 1.194870E-03 6.976057E-04 -9.426151E-04 1.194870E-03 6.976057E-04
1.000000E+00 -1.000000E+00 4.508000E-03 1.025900E-02 1.178650E+00 6.821380E-01 -1.173610E+00 1.178673E+00 6.821690E-01 -1.173579E+00 1.907818E-03 -2.311632E-04 -8.614963E-04 0.000000E+00 0.000000E+00 0.000000E+00 -3.441257E-01 -6.978563E-01 -6.281534E-01 9.363623E-01 -2.056787E-01 -2.844718E-01 6.932322E-02 -6.860723E-01 7.242235E-01 -3.442038E-01 -6.979872E-01 -6.279614E-01 9.363207E-01 -2.057021E-01 -2.845842E-01 6.946272E-02 -6.859291E-01 7.243451E-01 3.386069E-04 1.362323E-04 4.960777E-04 3.386069E-04 1.362323E-04 4.960777E-04
-1.000000E+00 1.000000E+00 4.508000E-03 1.024900E-02 1.178650E+00 6.821380E-01 -1.173610E+00 1.178673E+00 6.821690E-01 -1.173579E+00 1.907818E-03 -2.311632E-04 -8.614963E-04 0.000000E+00 0.000000E+00 0.000000E+00 -3.441257E-01 -6.978563E-01 -6.281534E-01 9.363623E-01 -2.056787E-01 -2.844718E-01 6.932322E-02 -6.860723E-01 7.242235E-01 -3.441257E-01 -6.978563E-01 -6.281534E-01 9.363623E-01 -2.056787E-01 -2.844718E-01 6.932322E-02 -6.860723E-01 7.242235E-01 -1.751017E-03 -3.944132E-04 3.519422E-04 -1.751017E-03 -3.944132E-04 3.519422E-04
