1.000000E+00 1.000000E+00 2.472000E-03 1.026400E-02 1.185473E+00 6.609480E-01 -1.173555E+00 1.185504E+00 6.609140E-01 -1.173558E+00 -7.732253E-04 -1.668346E-04 5.075111E-04 0.000000E+00 0.000000E+00 0.000000E+00 -1.430969E-01 -7.164603E-01 -6.827937E-01 9.894543E-01 -8.792972E-02 -1.151003E-01 2.242680E-02 -6.920639E-01 7.214877E-01 -1.432468E-01 -7.165226E-01 -6.826977E-01 9.894326E-01 -8.803602E-02 -1.152094E-01 2.244831E-02 -6.919866E-01 7.215613E-01 -2.272554E-04 -3.344334E-04 -1.444152E-04 0.000000E+00 0.000000E+00 0.000000E+00
1.000000E+00 1.000000E+00 1.433600E-02 1.027500E-02 1.185484E+00 6.610080E-01 -1.173579E+00 1.185504E+00 6.609140E-01 -1.173558E+00 8.930719E-06 2.042818E-03 -6.001415E-04 0.000000E+00 0.000000E+00 0.000000E+00 -1.422407E-01 -7.160854E-01 -6.833665E-01 9.895894E-01 -8.758198E-02 -1.142048E-01 2.192991E-02 -6.924966E-01 7.210878E-01 -1.430969E-01 -7.164603E-01 -6.827937E-01 9.894543E-01 -8.792972E-02 -1.151003E-01 2.242680E-02 -6.920639E-01 7.214877E-01 4.166804E-05 -8.585512E-04 -5.880113E-07 -2.272554E-04 -3.344334E-04 -1.444152E-04
1.000000E+00 1.000000E+00 9.083000E-03 1.027800E-02 1.185447E+00 6.609760E-01 -1.173483E+00 1.185504E+00 6.609140E-01 -1.173558E+00 -1.604484E-03 -1.568479E-04 3.814038E-03 0.000000E+00 0.000000E+00 0.000000E+00 -1.430019E-01 -7.171675E-01 -6.820717E-01 9.894633E-01 -8.781878E-02 -1.151116E-01 2.265573E-02 -6.913459E-01 7.221688E-01 -1.422407E-01 -7.160854E-01 -6.833665E-01 9.895894E-01 -8.758198E-02 -1.142048E-01 2.192991E-02 -6.924966E-01 7.210878E-01 -9.342555E-04 2.372648E-04 2.574358E-04 4.166804E-05 -8.585512E-04 -5.880113E-07
1.000000E+00 1.000000E+00 9.311000E-03 1.027800E-02 1.185440E+00 6.610180E-01 -1.173509E+00 1.185504E+00 6.609140E-01 -1.173558E+00 -1.262433E-03 1.715558E-03 1.163893E-03 0.000000E+00 0.000000E+00 0.000000E+00 -1.427288E-01 -7.164429E-01 -6.828881E-01 9.895043E-01 -8.757821E-02 -1.149328E-01 2.253611E-02 -6.921256E-01 7.214249E-01 -1.430019E-01 -7.171675E-01 -6.820717E-01 9.894633E-01 -8.781878E-02 -1.151116E-01 2.265573E-02 -6.913459E-01 7.221688E-01 -9.871890E-04 3.452600E-04 5.757563E-04 -9.342555E-04 2.372648E-04 2.574358E-04
1.000000E+00 1.000000E+00 1.000800E-02 1.029500E-02 1.185490E+00 6.610000E-01 -1.173552E+00 1.185504E+00 6.609140E-01 -1.173558E+00 1.357378E-03 2.445313E-04 -1.121879E-03 0.000000E+00 0.000000E+00 0.000000E+00 -1.424560E-01 -7.161816E-01 -6.832212E-01 9.895563E-01 -8.768166E-02 -1.144171E-01 2.203771E-02 -6.923849E-01 7.211919E-01 -1.427288E-01 -7.164429E-01 -6.828881E-01 9.895043E-01 -8.757821E-02 -1.149328E-01 2.253611E-02 -6.921256E-01 7.214249E-01 -1.210085E-03 1.384679E-04 6.828346E-04 -9.871890E-04 3.452600E-04 5.757563E-04
-1.000000E+00 1.000000E+00 8.059000E-03 5.142000E-03 1.185490E+00 6.610000E-01 -1.173552E+00 1.185504E+00 6.609140E-01 -1.173558E+00 1.357378E-03 2.445313E-04 -1.121879E-03 0.000000E+00 0.000000E+00 0.000000E+00 -1.424560E-01 -7.161816E-01 -6.832212E-01 9.895563E-01 -8.768166E-02 -1.144171E-01 2.203771E-02 -6.923849E-01 7.211919E-01 -1.424560E-01 -7.161816E-01 -6.832212E-01 9.895563E-01 -8.768166E-02 -1.144171E-01 2.203771E-02 -6.923849E-01 7.211919E-01 -1.353934E-03 4.751572E-05 -1.877421E-04 -1.210085E-03 1.384679E-04 6.828346E-04
1.000000E+00 1.000000E+00 6.612000E-03 1.025900E-02 1.185469E+00 6.609810E-01 -1.173525E+00 1.185504E+00 6.609140E-01 -1.173558E+00 -8.373395E-05 -6.125973E-04 4.478691E-04 0.000000E+00 0.000000E+00 0.000000E+00 -1.429724E-01 -7.164509E-01 -6.828306E-01 9.894696E-01 -8.773481E-02 -1.151224E-01 2.257169E-02 -6.920992E-01 7.214495E-01 -1.429724E-01 -7.164509E-01 -6.828306E-01 9.894696E-01 -8.773481E-02 -1.151224E-01 2.257169E-02 -6.920992E-01 7.214495E-01 -1.336288E-03 3.806494E-04 3.329335E-04 -1.353934E-03 4.751572E-05 -1.877421E-04
1.000000E+00 1.000000E+00 7.211000E-03 1.026000E-02 1.185496E+00 6.610020E-01 -1.173613E+00 1.185504E+00 6.609140E-01 -1.173558E+00 1.157013E-03 5.591087E-04 -3.662097E-03 0.000000E+00 0.000000E+00 0.000000E+00 -1.423198E-01 -7.162113E-01 -6.832171E-01 9.895779E-01 -8.767781E-02 -1.142255E-01 2.190635E-02 -6.923534E-01 7.212258E-01 -1.423198E-01 -7.162113E-01 -6.832171E-01 9.895779E-01 -8.767781E-02 -1.142255E-01 2.190635E-02 -6.923534E-01 7.212258E-01 -1.191961E-03 -2.978795E-04 -9.222983E-05 -1.336288E-03 3.806494E-04 3.329335E-04
1.000000E+00 1.000000E+00 8.109000E-03 1.025200E-02 1.185515E+00 6.609690E-01 -1.173636E+00 1.185504E+00 6.609140E-01 -1.173558E+00 1.514853E-03 -1.089356E-03 -3.191120E-03 0.000000E+00 0.000000E+00 0.000000E+00 -1.424624E-01 -7.162762E-01 -6.831205E-01 9.895575E-01 -8.777368E-02 -1.143348E-01 2.193554E-02 -6.922752E-01 7.213003E-01 -1.424624E-01 -7.162762E-01 -6.831205E-01 9.895575E-01 -8.777368E-02 -1.143348E-01 2.193554E-02 -6.922752E-01 7.213003E-01 -8.291188E-04 -6.261115E-04 -8.066801E-04 -1.191961E-03 -2.978795E-04 -9.222983E-05
1.000000E+00 1.000000E+00 6.235000E-03 1.025400E-02 1.185507E+00 6.610020E-01 -1.173638E+00 1.185504E+00 6.609140E-01 -1.173558E+00 5.420991E-04 7.414555E-04 -1.924707E-03 0.000000E+00 0.000000E+00 0.000000E+00 -1.422405E-01 -7.162028E-01 -6.832450E-01 9.895917E-01 -8.764197E-02 -1.141470E-01 2.187216E-02 -6.923690E-01 7.212124E-01 -1.422405E-01 -7.162028E-01 -6.832450E-01 9.895917E-01 -8.764197E-02 -1.141470E-01 2.187216E-02 -6.923690E-01 7.212124E-01 -1.220576E-05 1.328081E-05 -7.848489E-05 -8.291188E-04 -6.261115E-04 -8.066801E-04
1.000000E+00 1.000000E+00 7.012000E-03 1.024900E-02 1.185532E+00 6.609770E-01 -1.173633E+00 1.185504E+00 6.609140E-01 -1.173558E+00 1.433963E-03 -6.476164E-04 -9.587653E-04 0.000000E+00 0.000000E+00 0.000000E+00 -1.424496E-01 -7.163972E-01 -6.829951E-01 9.895574E-01 -8.774843E-02 -1.143484E-01 2.198686E-02 -6.921520E-01 7.214166E-01 -1.424496E-01 -7.163972E-01 -6.829951E-01 9.895574E-01 -8.774843E-02 -1.143484E-01 2.198686E-02 -6.921520E-01 7.214166E-01 -9.518956E-04 -6.876935E-05 -3.505298E-06 -1.220576E-05 1.328081E-05 -7.848489E-05
1.000000E+00 1.000000E+00 6.743000E-03 1.026200E-02 1.185502E+00 6.609700E-01 -1.173591E+00 1.185504E+00 6.609140E-01 -1.173558E+00 -4.335509E-04 -6.890822E-04 1.234741E-03 0.000000E+00 0.000000E+00 0.000000E+00 -1.425236E-01 -7.162299E-01 -6.831542E-01 9.895438E-01 -8.770324E-02 -1.144952E-01 2.208948E-02 -6.923300E-01 7.212425E-01 -1.425236E-01 -7.162299E-01 -6.831542E-01 9.895438E-01 -8.770324E-02 -1.144952E-01 2.208948E-02 -6.923300E-01 7.212425E-01 -1.309057E-03 4.770805E-05 2.150129E-04 -9.518956E-04 -6.876935E-05 -3.505298E-06
1.000000E+00 1.000000E+00 2.031000E-03 1.027300E-02 1.185497E+00 6.609720E-01 -1.173590E+00 1.185504E+00 6.609140E-01 -1.173558E+00 -3.992743E-04 -2.744149E-04 6.576950E-04 0.000000E+00 0.000000E+00 0.000000E+00 -1.424884E-01 -7.160996E-01 -6.832990E-01 9.895516E-01 -8.772332E-02 -1.144171E-01 2.199253E-02 -6.924630E-01 7.211179E-01 -1.425236E-01 -7.162299E-01 -6.831542E-01 9.895438E-01 -8.770324E-02 -1.144952E-01 2.208948E-02 -6.923300E-01 7.212425E-01 -1.088130E-03 -3.643839E-04 2.890712E-04 -1.309057E-03 4.770805E-05 2.150129E-04
1.000000E+00 -1.000000E+00 1.123900E-02 1.027300E-02 1.185455E+00 6.609770E-01 -1.173529E+00 1.185504E+00 6.609140E-01 -1.173558E+00 -1.891480E-03 4.716306E-05 2.790165E-03 0.000000E+00 0.000000E+00 0.000000E+00 -1.429532E-01 -7.163732E-01 -6.829150E-01 9.894715E-01 -8.770551E-02 -1.151217E-01 2.257443E-02 -6.921823E-01 7.213694E-01 -1.424884E-01 -7.160996E-01 -6.832990E-01 9.895516E-01 -8.772332E-02 -1.144171E-01 2.199253E-02 -6.924630E-01 7.211179E-01 -1.088130E-03 -3.643839E-04 2.890712E-04 -1.088130E-03 -3.643839E-04 2.890712E-04
1.000000E+00 1.000000E+00 9.237000E-03 1.025200E-02 1.185476E+00 6.609800E-01 -1.173572E+00 1.185504E+00 6.609140E-01 -1.173558E+00 -2.287060E-04 1.579966E-04 -1.822494E-04 0.000000E+00 0.000000E+00 0.000000E+00 -1.429045E-01 -7.166774E-01 -6.826057E-01 9.894797E-01 -8.776178E-02 -1.150069E-01 2.251583E-02 -6.918599E-01 7.216804E-01 -1.429532E-01 -7.163732E-01 -6.829150E-01 9.894715E-01 -8.770551E-02 -1.151217E-01 2.257443E-02 -6.921823E-01 7.213694E-01 -1.073635E-03 1.028798E-04 -8.572187E-04 -1.073635E-03 1.028798E-04 -8.572187E-04
1.000000E+00 1.000000E+00 9.759000E-03 1.025000E-02 1.185479E+00 6.609510E-01 -1.173509E+00 1.185504E+00 6.609140E-01 -1.173558E+00 -7.566382E-06 -1.132924E-03 2.555760E-03 0.000000E+00 0.000000E+00 0.000000E+00 -1.432294E-01 -7.165200E-01 -6.827043E-01 9.894325E-01 -8.793777E-02 -1.152865E-01 2.256981E-02 -6.920020E-01 7.215428E-01 -1.429045E-01 -7.166774E-01 -6.826057E-01 9.894797E-01 -8.776178E-02 -1.150069E-01 2.251583E-02 -6.918599E-01 7.216804E-01 -3.789699E-04 5.214729E-04 5.658267E-05 -3.789699E-04 5.214729E-04 5.658267E-05
-1.000000E+00 1.000000E+00 9.329000E-03 1.030100E-02 1.185479E+00 6.609510E-01 -1.173509E+00 1.185504E+00 6.609140E-01 -1.173558E+00 -7.566382E-06 -1.132924E-03 2.555760E-03 0.000000E+00 0.000000E+00 0.000000E+00 -1.432294E-01 -7.165200E-01 -6.827043E-01 9.894325E-01 -8.793777E-02 -1.152865E-01 2.256981E-02 -6.920020E-01 7.215428E-01 -1.432294E-01 -7.165200E-01 -6.827043E-01 9.894325E-01 -8.793777E-02 -1.152865E-01 2.256981E-02 -6.920020E-01 7.215428E-01 -8.507060E-04 -9.464723E-04 5.620040E-05 -3.789699E-04 5.214729E-04 5.658267E-05
1.000000E+00 1.000000E+00 5.368000E-03 1.034500E-02 1.185466E+00 6.609700E-01 -1.173511E+00 1.185504E+00 6.609140E-01 -1.173558E+00 -5.136665E-04 1.274784E-04 1.314039E-03 0.000000E+00 0.000000E+00 0.000000E+00 -1.431424E-01 -7.173526E-01 -6.818475E-01 9.894433E-01 -8.796289E-02 -1.151736E-01 2.264294E-02 -6.911355E-01 7.223705E-01 -1.431424E-01 -7.173526E-01 -6.818475E-01 9.894433E-01 -8.796289E-02 -1.151736E-01 2.264294E-02 -6.911355E-01 7.223705E-01 -1.077576E-03 -1.846596E-04 4.437188E-04 -8.507060E-04 -9.464723E-04 5.620040E-05
1.000000E+00 1.000000E+00 4.031000E-03 1.025400E-02 1.185497E+00 6.609700E-01 -1.173594E+00 1.185504E+00 6.609140E-01 -1.173558E+00 2.091843E-03 -1.085208E-03 -3.563292E-03 0.000000E+00 0.000000E+00 0.000000E+00 -1.424889E-01 -7.161725E-01 -6.832242E-01 9.895524E-01 -8.772461E-02 -1.144194E-01 2.200887E-02 -6.923892E-01 7.211887E-01 -1.431424E-01 -7.173526E-01 -6.818475E-01 9.894433E-01 -8.796289E-02 -1.151736E-01 2.264294E-02 -6.911355E-01 7.223705E-01 -3.402784E-04 4.569159E-05 -4.967348E-04 -1.077576E-03 -1.846596E-04 4.437188E-04
1.000000E+00 1.000000E+00 8.504000E-03 1.025100E-02 1.185463E+00 6.609610E-01 -1.173574E+00 1.185504E+00 6.609140E-01 -1.173558E+00 -2.197546E-04 -1.075004E-03 -1.318058E-03 0.000000E+00 0.000000E+00 0.000000E+00 -1.429811E-01 -7.163923E-01 -6.828901E-01 9.894688E-01 -8.774829E-02 -1.151181E-01 2.254743E-02 -6.921580E-01 7.213938E-01 -1.424889E-01 -7.161725E-01 -6.832242E-01 9.895524E-01 -8.772461E-02 -1.144194E-01 2.200887E-02 -6.923892E-01 7.211887E-01 -1.016855E-04 -2.246107E-04 5.890386E-04 -3.402784E-04 4.569159E-05 -4.967348E-04
1.000000E+00 1.000000E+00 9.499000E-03 1.025700E-02 1.185472E+00 6.609710E-01 -1.173569E+00 1.185504E+00 6.609140E-01 -1.173558E+00 2.540882E-04 -2.112296E-04 -5.692979E-04 0.000000E+00 0.000000E+00 0.000000E+00 -1.429762E-01 -7.164127E-01 -6.828696E-01 9.894704E-01 -8.777816E-02 -1.150809E-01 2.250444E-02 -6.921330E-01 7.214191E-01 -1.429811E-01 -7.163923E-01 -6.828901E-01 9.894688E-01 -8.774829E-02 -1.151181E-01 2.254743E-02 -6.921580E-01 7.213938E-01 -6.554564E-04 1.924370E-04 1.147163E-04 -1.016855E-04 -2.246107E-04 5.890386E-04
-1.000000E+00 1.000000E+00 9.264000E-03 1.026600E-02 1.185472E+00 6.609710E-01 -1.173569E+00 1.185504E+00 6.609140E-01 -1.173558E+00 2.540882E-04 -2.112296E-04 -5.692979E-04 0.000000E+00 0.000000E+00 0.000000E+00 -1.429762E-01 -7.164127E-01 -6.828696E-01 9.894704E-01 -8.777816E-02 -1.150809E-01 2.250444E-02 -6.921330E-01 7.214191E-01 -1.429762E-01 -7.164127E-01 -6.828696E-01 9.894704E-01 -8.777816E-02 -1.150809E-01 2.250444E-02 -6.921330E-01 7.214191E-01 -7.082369E-04 7.013222E-04 5.965510E-04 -6.554564E-04 1.924370E-04 1.147163E-04
1.000000E+00 1.000000E+00 3.547000E-03 1.026900E-02 1.185465E+00 6.609800E-01 -1.173551E+00 1.185504E+00 6.609140E-01 -1.173558E+00 -1.315746E-04 2.300508E-04 3.826685E-04 0.000000E+00 0.000000E+00 0.000000E+00 -1.429583E-01 -7.164931E-01 -6.827882E-01 9.894716E-01 -8.775334E-02 -1.150848E-01 2.254032E-02 -6.920522E-01 7.214954E-01 -1.429762E-01 -7.164127E-01 -6.828696E-01 9.894704E-01 -8.777816E-02 -1.150809E-01 2.250444E-02 -6.921330E-01 7.214191E-01 -6.628611E-04 2.292443E-04 -1.791134E-04 -7.082369E-04 7.013222E-04 5.965510E-04
1.000000E+00 -1.000000E+00 3.943000E-03 1.026900E-02 1.185472E+00 6.610020E-01 -1.173576E+00 1.185504E+00 6.609140E-01 -1.173558E+00 2.114110E-04 1.030160E-03 -8.046160E-04 0.000000E+00 0.000000E+00 0.000000E+00 -1.426854E-01 -7.165414E-01 -6.827949E-01 9.895133E-01 -8.762748E-02 -1.148228E-01 2.244355E-02 -6.920183E-01 7.215309E-01 -1.429583E-01 -7.164931E-01 -6.827882E-01 9.894716E-01 -8.775334E-02 -1.150848E-01 2.254032E-02 -6.920522E-01 7.214954E-01 -6.628611E-04 2.292443E-04 -1.791134E-04 -6.628611E-04 2.292443E-04 -1.791134E-04
1.000000E+00 -1.000000E+00 7.499000E-03 1.026900E-02 1.185523E+00 6.609890E-01 -1.173606E+00 1.185504E+00 6.609140E-01 -1.173558E+00 2.712528E-03 6.634246E-05 -2.071117E-03 0.000000E+00 0.000000E+00 0.000000E+00 -1.424640E-01 -7.163025E-01 -6.830909E-01 9.895564E-01 -8.778751E-02 -1.143243E-01 2.192350E-02 -6.922446E-01 7.213296E-01 -1.424640E-01 -7.163025E-01 -6.830909E-01 9.895564E-01 -8.778751E-02 -1.143243E-01 2.192350E-02 -6.922446E-01 7.213296E-01 -6.628611E-04 2.292443E-04 -1.791134E-04 -6.628611E-04 2.292443E-04 -1.791134E-04
1.000000E+00 1.000000E+00 5.647000E-03 5.148000E-03 1.185448E+00 6.610060E-01 -1.173524E+00 1.185504E+00 6.609140E-01 -1.173558E+00 -1.461265E-03 7.021965E-04 2.084844E-03 0.000000E+00 0.000000E+00 0.000000E+00 -1.427050E-01 -7.164504E-01 -6.828872E-01 9.895094E-01 -8.757366E-02 -1.149028E-01 2.251941E-02 -6.921202E-01 7.214310E-01 -1.424640E-01 -7.163025E-01 -6.830909E-01 9.895564E-01 -8.778751E-02 -1.143243E-01 2.192350E-02 -6.922446E-01 7.213296E-01 3.152822E-04 -5.770560E-04 3.522207E-04 1.715980E-04 -3.568894E-04 8.329111E-04
1.000000E+00 1.000000E+00 4.535000E-03 1.025800E-02 1.185463E+00 6.609770E-01 -1.173528E+00 1.185504E+00 6.609140E-01 -1.173558E+00 -2.188899E-04 -7.928571E-04 1.029396E-03 0.000000E+00 0.000000E+00 0.000000E+00 -1.429694E-01 -7.165044E-01 -6.827753E-01 9.894687E-01 -8.769697E-02 -1.151600E-01 2.263559E-02 -6.920488E-01 7.214959E-01 -1.427050E-01 -7.164504E-01 -6.828872E-01 9.895094E-01 -8.757366E-02 -1.149028E-01 2.251941E-02 -6.921202E-01 7.214310E-01 4.317102E-04 1.475526E-04 6.185425E-05 3.152822E-04 -5.770560E-04 3.522207E-04
1.000000E+00 1.000000E+00 4.468000E-03 1.026700E-02 1.185460E+00 6.609810E-01 -1.173541E+00 1.185504E+00 6.609140E-01 -1.173558E+00 -2.567591E-04 -2.983221E-04 5.560504E-05 0.000000E+00 0.000000E+00 0.000000E+00 -1.429988E-01 -7.164389E-01 -6.828369E-01 9.894627E-01 -8.767473E-02 -1.152228E-01 2.268246E-02 -6.921186E-01 7.214273E-01 -1.429694E-01 -7.165044E-01 -6.827753E-01 9.894687E-01 -8.769697E-02 -1.151600E-01 2.263559E-02 -6.920488E-01 7.214959E-01 8.853860E-04 -2.197923E-04 -3.135523E-04 4.317102E-04 1.475526E-04 6.185425E-05
1.000000E+00 1.000000E+00 2.819000E-03 1.025800E-02 1.185459E+00 6.609840E-01 -1.173537E+00 1.185504E+00 6.609140E-01 -1.173558E+00 -1.863813E-04 -4.677644E-05 1.947014E-04 0.000000E+00 0.000000E+00 0.000000E+00 -1.430050E-01 -7.165413E-01 -6.827288E-01 9.894636E-01 -8.773675E-02 -1.151719E-01 2.262515E-02 -6.920053E-01 7.215379E-01 -1.429988E-01 -7.164389E-01 -6.828369E-01 9.894627E-01 -8.767473E-02 -1.152228E-01 2.268246E-02 -6.921186E-01 7.214273E-01 7.134895E-04 3.257936E-04 1.633910E-05 8.853860E-04 -2.197923E-04 -3.135523E-04
1.000000E+00 -1.000000E+00 3.579000E-03 1.025800E-02 1.185481E+00 6.609260E-01 -1.173501E+00 1.185504E+00 6.609140E-01 -1.173558E+00 8.617546E-04 -2.604013E-03 1.718525E-03 0.000000E+00 0.000000E+00 0.000000E+00 -1.432977E-01 -7.170859E-01 -6.820947E-01 9.894240E-01 -8.814531E-02 -1.151959E-01 2.248180E-02 -6.913883E-01 7.221334E-01 -1.430050E-01 -7.165413E-01 -6.827288E-01 9.894636E-01 -8.773675E-02 -1.151719E-01 2.262515E-02 -6.920053E-01 7.215379E-01 7.134895E-04 3.257936E-04 1.633910E-05 7.134895E-04 3.257936E-04 1.633910E-05
-1.000000E+00 1.000000E+00 9.935000E-03 1.024800E-02 1.185481E+00 6.609260E-01 -1.173501E+00 1.185504E+00 6.609140E-01 -1.173558E+00 8.617546E-04 -2.604013E-03 1.718525E-03 0.000000E+00 0.000000E+00 0.000000E+00 -1.432977E-01 -7.170859E-01 -6.820947E-01 9.894240E-01 -8.814531E-02 -1.151959E-01 2.248180E-02 -6.913883E-01 7.221334E-01 -1.432977E-01 -7.170859E-01 -6.820947E-01 9.894240E-01 -8.814531E-02 -1.151959E-01 2.248180E-02 -6.913883E-01 7.221334E-01 4.466214E-04 1.419256E-05 -4.347961E-05 4.466214E-04 1.419256E-05 -4.347961E-05
1.000000E+00 1.000000E+00 2.264000E-03 1.026400E-02 1.185511E+00 6.609950E-01 -1.173567E+00 1.185504E+00 6.609140E-01 -1.173558E+00 1.511320E-03 1.326673E-03 -8.029385E-04 0.000000E+00 0.000000E+00 0.000000E+00 -1.430326E-01 -7.164746E-01 -6.827941E-01 9.894652E-01 -8.789541E-02 -1.150430E-01 2.241152E-02 -6.920552E-01 7.214969E-01 -1.428955E-01 -7.166415E-01 -6.826470E-01 9.894825E-01 -8.775742E-02 -1.149963E-01 2.250412E-02 -6.918993E-01 7.216434E-01 -5.576448E-04 -1.739934E-04 -5.968604E-04 4.466214E-04 1.419256E-05 -4.347961E-05
1.000000E+00 1.000000E+00 1.077200E-02 1.025900E-02 1.185513E+00 6.609910E-01 -1.173573E+00 1.185504E+00 6.609140E-01 -1.173558E+00 9.325288E-04 5.853092E-04 -6.955596E-04 0.000000E+00 0.000000E+00 0.000000E+00 -1.430773E-01 -7.164398E-01 -6.828190E-01 9.894567E-01 -8.790564E-02 -1.150961E-01 2.243546E-02 -6.920878E-01 7.214644E-01 -1.430326E-01 -7.164746E-01 -6.827941E-01 9.894652E-01 -8.789541E-02 -1.150430E-01 2.241152E-02 -6.920552E-01 7.214969E-01 -1.355196E-03 1.221303E-04 1.361614E-04 -5.576448E-04 -1.739934E-04 -5.968604E-04
1.000000E+00 1.000000E+00 9.407000E-03 1.025000E-02 1.185518E+00 6.609720E-01 -1.173629E+00 1.185504E+00 6.609140E-01 -1.173558E+00 7.706762E-04 -4.661347E-04 -2.817535E-03 0.000000E+00 0.000000E+00 0.000000E+00 -1.424933E-01 -7.163107E-01 -6.830762E-01 9.895506E-01 -8.776096E-02 -1.143949E-01 2.199442E-02 -6.922395E-01 7.213324E-01 -1.430773E-01 -7.164398E-01 -6.828190E-01 9.894567E-01 -8.790564E-02 -1.150961E-01 2.243546E-02 -6.920878E-01 7.214644E-01 -4.741569E-04 6.748245E-04 5.362314E-04 -1.355196E-03 1.221303E-04 1.361614E-04
1.000000E+00 1.000000E+00 9.832000E-03 1.026800E-02 1.185502E+00 6.610090E-01 -1.173615E+00 1.185504E+00 6.609140E-01 -1.173558E+00 -2.228047E-04 1.286058E-03 -1.060329E-03 0.000000E+00 0.000000E+00 0.000000E+00 -1.422913E-01 -7.162814E-01 -6.831508E-01 9.895832E-01 -8.768123E-02 -1.141836E-01 2.188832E-02 -6.922816E-01 7.212956E-01 -1.424933E-01 -7.163107E-01 -6.830762E-01 9.895506E-01 -8.776096E-02 -1.143949E-01 2.199442E-02 -6.922395E-01 7.213324E-01 5.677823E-05 -2.169593E-05 2.844259E-04 -4.741569E-04 6.748245E-04 5.362314E-04
-1.000000E+00 1.000000E+00 8.475000E-03 1.027000E-02 1.185502E+00 6.610090E-01 -1.173615E+00 1.185504E+00 6.609140E-01 -1.173558E+00 -2.228047E-04 1.286058E-03 -1.060329E-03 0.000000E+00 0.000000E+00 0.000000E+00 -1.422913E-01 -7.162814E-01 -6.831508E-01 9.895832E-01 -8.768123E-02 -1.141836E-01 2.188832E-02 -6.922816E-01 7.212956E-01 -1.422913E-01 -7.162814E-01 -6.831508E-01 9.895832E-01 -8.768123E-02 -1.141836E-01 2.188832E-02 -6.922816E-01 7.212956E-01 8.125911E-04 -4.852577E-04 -2.801461E-04 5.677823E-05 -2.169593E-05 2.844259E-04
1.000000E+00 1.000000E+00 6.229000E-03 1.028300E-02 1.185508E+00 6.610090E-01 -1.173604E+00 1.185504E+00 6.609140E-01 -1.173558E+00 1.153317E-04 7.101905E-04 -1.485271E-04 0.000000E+00 0.000000E+00 0.000000E+00 -1.422815E-01 -7.162800E-01 -6.831546E-01 9.895826E-01 -8.760443E-02 -1.142492E-01 2.198735E-02 -6.922930E-01 7.212817E-01 -1.422815E-01 -7.162800E-01 -6.831546E-01 9.895826E-01 -8.760443E-02 -1.142492E-01 2.198735E-02 -6.922930E-01 7.212817E-01 -5.293139E-04 -1.297112E-04 -3.416841E-04 8.125911E-04 -4.852577E-04 -2.801461E-04
1.000000E+00 1.000000E+00 3.925000E-03 1.028500E-02 1.185484E+00 6.610080E-01 -1.173570E+00 1.185504E+00 6.609140E-01 -1.173558E+00 -8.712370E-04 3.451063E-04 1.242287E-03 0.000000E+00 0.000000E+00 0.000000E+00 -1.423063E-01 -7.161703E-01 -6.832641E-01 9.895784E-01 -8.759012E-02 -1.142950E-01 2.200774E-02 -6.924080E-01 7.211706E-01 -1.422815E-01 -7.162800E-01 -6.831546E-01 9.895826E-01 -8.760443E-02 -1.142492E-01 2.198735E-02 -6.922930E-01 7.212817E-01 -3.684561E-04 3.730382E-04 -3.025479E-04 -5.293139E-04 -1.297112E-04 -3.416841E-04
1.000000E+00 -1.000000E+00 4.806000E-03 1.028500E-02 1.185495E+00 6.610040E-01 -1.173598E+00 1.185504E+00 6.609140E-01 -1.173558E+00 -4.757430E-05 3.415229E-05 -4.598993E-04 0.000000E+00 0.000000E+00 0.000000E+00 -1.422151E-01 -7.162951E-01 -6.831506E-01 9.895916E-01 -8.758326E-02 -1.141763E-01 2.195095E-02 -6.922782E-01 7.212965E-01 -1.423063E-01 -7.161703E-01 -6.832641E-01 9.895784E-01 -8.759012E-02 -1.142950E-01 2.200774E-02 -6.924080E-01 7.211706E-01 -3.684561E-04 3.730382E-04 -3.025479E-04 -3.684561E-04 3.730382E-04 -3.025479E-04
1.000000E+00 1.000000E+00 4.087000E-03 1.026300E-02 1.185503E+00 6.610080E-01 -1.173602E+00 1.185504E+00 6.609140E-01 -1.173558E+00 3.192690E-04 1.946714E-04 -4.521274E-04 0.000000E+00 0.000000E+00 0.000000E+00 -1.422752E-01 -7.162224E-01 -6.832149E-01 9.895846E-01 -8.765276E-02 -1.141874E-01 2.189776E-02 -6.923452E-01 7.212340E-01 -1.422151E-01 -7.162951E-01 -6.831506E-01 9.895916E-01 -8.758326E-02 -1.141763E-01 2.195095E-02 -6.922782E-01 7.212965E-01 -5.136202E-04 1.229410E-03 5.863144E-04 -5.136202E-04 1.229410E-03 5.863144E-04
1.000000E+00 1.000000E+00 5.478000E-03 1.029600E-02 1.185467E+00 6.609750E-01 -1.173540E+00 1.185504E+00 6.609140E-01 -1.173558E+00 -1.354309E-03 -1.299896E-03 2.390707E-03 0.000000E+00 0.000000E+00 0.000000E+00 -1.429433E-01 -7.164130E-01 -6.828760E-01 9.894746E-01 -8.774278E-02 -1.150702E-01 2.252036E-02 -6.921370E-01 7.214147E-01 -1.422752E-01 -7.162224E-01 -6.832149E-01 9.895846E-01 -8.765276E-02 -1.141874E-01 2.189776E-02 -6.923452E-01 7.212340E-01 -8.385711E-04 7.653749E-04 2.154889E-04 -8.385711E-04 7.653749E-04 2.154889E-04
1.000000E+00 1.000000E+00 1.967000E-03 1.027100E-02 1.185481E+00 6.609780E-01 -1.173545E+00 1.185504E+00 6.609140E-01 -1.173558E+00 -1.986614E-04 -6.204368E-04 1.162384E-03 0.000000E+00 0.000000E+00 0.000000E+00 -1.429764E-01 -7.163925E-01 -6.828894E-01 9.894686E-01 -8.775112E-02 -1.151089E-01 2.253835E-02 -6.921561E-01 7.213956E-01 -1.429433E-01 -7.164130E-01 -6.828760E-01 9.894746E-01 -8.774278E-02 -1.150702E-01 2.252036E-02 -6.921370E-01 7.214147E-01 -1.854040E-04 5.042742E-04 6.254579E-04 -8.385711E-04 7.653749E-04 2.154889E-04
1.000000E+00 1.000000E+00 3.346000E-03 1.026300E-02 1.185477E+00 6.609690E-01 -1.173552E+00 1.185504E+00 6.609140E-01 -1.173558E+00 -2.808354E-04 -7.320183E-04 3.803432E-04 0.000000E+00 0.000000E+00 0.000000E+00 -1.429598E-01 -7.164603E-01 -6.828231E-01 9.894723E-01 -8.776107E-02 -1.150773E-01 2.252308E-02 -6.920859E-01 7.214637E-01 -1.429764E-01 -7.163925E-01 -6.828894E-01 9.894686E-01 -8.775112E-02 -1.151089E-01 2.253835E-02 -6.921561E-01 7.213956E-01 -1.477907E-04 5.506165E-04 3.014701E-04 -1.854040E-04 5.042742E-04 6.254579E-04
1.000000E+00 1.000000E+00 2.287000E-03 1.025600E-02 1.185512E+00 6.609760E-01 -1.173620E+00 1.185504E+00 6.609140E-01 -1.173558E+00 1.338112E-03 -1.366261E-04 -2.698620E-03 0.000000E+00 0.000000E+00 0.000000E+00 -1.425235E-01 -7.162784E-01 -6.831054E-01 9.895477E-01 -8.778818E-02 -1.144083E-01 2.197977E-02 -6.922710E-01 7.213029E-01 -1.429598E-01 -7.164603E-01 -6.828231E-01 9.894723E-01 -8.776107E-02 -1.150773E-01 2.252308E-02 -6.920859E-01 7.214637E-01 -3.844132E-04 9.951463E-05 -1.855655E-04 -1.477907E-04 5.506165E-04 3.014701E-04
1.000000E+00 1.000000E+00 1.990000E-03 1.025700E-02 1.185465E+00 6.609640E-01 -1.173548E+00 1.185504E+00 6.609140E-01 -1.173558E+00 -1.188941E-03 -5.818689E-04 1.443847E-03 0.000000E+00 0.000000E+00 0.000000E+00 -1.429917E-01 -7.165188E-01 -6.827550E-01 9.894659E-01 -8.773794E-02 -1.151503E-01 2.260394E-02 -6.920283E-01 7.215165E-01 -1.425235E-01 -7.162784E-01 -6.831054E-01 9.895477E-01 -8.778818E-02 -1.144083E-01 2.197977E-02 -6.922710E-01 7.213029E-01 -8.623701E-04 3.854590E-04 -1.236150E-04 -3.844132E-04 9.951463E-05 -1.855655E-04
1.000000E+00 1.000000E+00 1.956000E-03 1.027000E-02 1.185464E+00 6.609750E-01 -1.173535E+00 1.185504E+00 6.609140E-01 -1.173558E+00 -7.395057E-04 1.228701E-04 1.395337E-03 0.000000E+00 0.000000E+00 0.000000E+00 -1.429799E-01 -7.165510E-01 -6.827225E-01 9.894665E-01 -8.772935E-02 -1.151441E-01 2.261142E-02 -6.919949E-01 7.215480E-01 -1.429917E-01 -7.165188E-01 -6.827550E-01 9.894659E-01 -8.773794E-02 -1.151503E-01 2.260394E-02 -6.920283E-01 7.215165E-01 -1.159020E-03 5.332769E-04 -1.169874E-03 -8.623701E-04 3.854590E-04 -1.236150E-04
1.000000E+00 1.000000E+00 1.036700E-02 1.026500E-02 1.185461E+00 6.609840E-01 -1.173526E+00 1.185504E+00 6.609140E-01 -1.173558E+00 -5.472093E-04 4.412533E-04 1.170115E-03 0.000000E+00 0.000000E+00 0.000000E+00 -1.429767E-01 -7.164795E-01 -6.827987E-01 9.894685E-01 -8.774956E-02 -1.151149E-01 2.256198E-02 -6.920668E-01 7.214807E-01 -1.429799E-01 -7.165510E-01 -6.827225E-01 9.894665E-01 -8.772935E-02 -1.151441E-01 2.261142E-02 -6.919949E-01 7.215480E-01 -6.380574E-04 -1.176001E-04 -8.161039E-04 -1.159020E-03 5.332769E-04 -1.169874E-03
1.000000E+00 1.000000E+00 8.706000E-03 5.254000E-03 1.185471E+00 6.609790E-01 -1.173521E+00 1.185504E+00 6.609140E-01 -1.173558E+00 1.058918E-04 5.013808E-05 9.406617E-04 0.000000E+00 0.000000E+00 0.000000E+00 -1.429660E-01 -7.164497E-01 -6.828333E-01 9.894700E-01 -8.771237E-02 -1.151364E-01 2.259678E-02 -6.921034E-01 7.214447E-01 -1.429767E-01 -7.164795E-01 -6.827987E-01 9.894685E-01 -8.774956E-02 -1.151149E-01 2.256198E-02 -6.920668E-01 7.214807E-01 -5.823034E-04 9.296493E-04 3.443248E-04 -6.380574E-04 -1.176001E-04 -8.161039E-04
-1.000000E+00 1.000000E+00 9.921000E-03 1.027400E-02 1.185471E+00 6.609790E-01 -1.173521E+00 1.185504E+00 6.609140E-01 -1.173558E+00 1.058918E-04 5.013808E-05 9.406617E-04 0.000000E+00 0.000000E+00 0.000000E+00 -1.429660E-01 -7.164497E-01 -6.828333E-01 9.894700E-01 -8.771237E-02 -1.151364E-01 2.259678E-02 -6.921034E-01 7.214447E-01 -1.429660E-01 -7.164497E-01 -6.828333E-01 9.894700E-01 -8.771237E-02 -1.151364E-01 2.259678E-02 -6.921034E-01 7.214447E-01 -6.161895E-04 2.193384E-04 -1.083524E-03 -5.823034E-04 9.296493E-04 3.443248E-04
1.000000E+00 1.000000E+00 2.590000E-03 1.026600E-02 1.185470E+00 6.609800E-01 -1.173520E+00 1.185504E+00 6.609140E-01 -1.173558E+00 1.804850E-05 6.490168E-05 5.383308E-04 0.000000E+00 0.000000E+00 0.000000E+00 -1.429486E-01 -7.164486E-01 -6.828385E-01 9.894729E-01 -8.770407E-02 -1.151197E-01 2.258999E-02 -6.921060E-01 7.214425E-01 -1.429486E-01 -7.164486E-01 -6.828385E-01 9.894729E-01 -8.770407E-02 -1.151197E-01 2.258999E-02 -6.921060E-01 7.214425E-01 -1.183559E-03 4.366777E-04 -3.367890E-04 -6.161895E-04 2.193384E-04 -1.083524E-03
1.000000E+00 1.000000E+00 2.752000E-03 1.027100E-02 1.185460E+00 6.609570E-01 -1.173573E+00 1.185504E+00 6.609140E-01 -1.173558E+00 -2.913698E-04 -1.119953E-03 -2.206384E-03 0.000000E+00 0.000000E+00 0.000000E+00 -1.430099E-01 -7.165694E-01 -6.826979E-01 9.894637E-01 -8.778056E-02 -1.151348E-01 2.257446E-02 -6.919703E-01 7.215730E-01 -1.429486E-01 -7.164486E-01 -6.828385E-01 9.894729E-01 -8.770407E-02 -1.151197E-01 2.258999E-02 -6.921060E-01 7.214425E-01 -8.436879E-04 -6.969781E-04 -5.509907E-05 -1.183559E-03 4.366777E-04 -3.367890E-04
-1.000000E+00 1.000000E+00 1.087300E-02 1.028300E-02 1.185460E+00 6.609570E-01 -1.173573E+00 1.185504E+00 6.609140E-01 -1.173558E+00 -2.913698E-04 -1.119953E-03 -2.206384E-03 0.000000E+00 0.000000E+00 0.000000E+00 -1.430099E-01 -7.165694E-01 -6.826979E-01 9.894637E-01 -8.778056E-02 -1.151348E-01 2.257446E-02 -6.919703E-01 7.215730E-01 -1.430099E-01 -7.165694E-01 -6.826979E-01 9.894637E-01 -8.778056E-02 -1.151348E-01 2.257446E-02 -6.919703E-01 7.215730E-01 -2.380459E-04 -5.330729E-04 -3.140270E-04 -8.436879E-04 -6.969781E-04 -5.509907E-05
1.000000E+00 1.000000E+00 7.718000E-03 1.027300E-02 1.185512E+00 6.609120E-01 -1.173635E+00 1.185504E+00 6.609140E-01 -1.173558E+00 1.734176E-03 -2.190501E-03 -3.351492E-03 0.000000E+00 0.000000E+00 0.000000E+00 -1.429343E-01 -7.155945E-01 -6.837373E-01 9.894918E-01 -8.805496E-02 -1.146937E-01 2.186841E-02 -6.929453E-01 7.206589E-01 -1.429343E-01 -7.155945E-01 -6.837373E-01 9.894918E-01 -8.805496E-02 -1.146937E-01 2.186841E-02 -6.929453E-01 7.206589E-01 -2.050755E-06 -9.118801E-04 -7.243263E-04 -2.380459E-04 -5.330729E-04 -3.140270E-04
1.000000E+00 1.000000E+00 7.154000E-03 1.027200E-02 1.185510E+00 6.609740E-01 -1.173581E+00 1.185504E+00 6.609140E-01 -1.173558E+00 1.426688E-03 9.891153E-04 -3.540078E-04 0.000000E+00 0.000000E+00 0.000000E+00 -1.424601E-01 -7.161944E-01 -6.832058E-01 9.895553E-01 -8.769559E-02 -1.144093E-01 2.202505E-02 -6.923688E-01 7.212074E-01 -1.429747E-01 -7.165670E-01 -6.827075E-01 9.894666E-01 -8.769180E-02 -1.151763E-01 2.266356E-02 -6.919837E-01 7.215572E-01 -5.445239E-05 -3.024028E-04 -3.682104E-04 -2.050755E-06 -9.118801E-04 -7.243263E-04
-1.000000E+00 1.000000E+00 9.493000E-03 1.028600E-02 1.185510E+00 6.609740E-01 -1.173581E+00 1.185504E+00 6.609140E-01 -1.173558E+00 1.426688E-03 9.891153E-04 -3.540078E-04 0.000000E+00 0.000000E+00 0.000000E+00 -1.424601E-01 -7.161944E-01 -6.832058E-01 9.895553E-01 -8.769559E-02 -1.144093E-01 2.202505E-02 -6.923688E-01 7.212074E-01 -1.424601E-01 -7.161944E-01 -6.832058E-01 9.895553E-01 -8.769559E-02 -1.144093E-01 2.202505E-02 -6.923688E-01 7.212074E-01 2.730606E-04 -2.496791E-04 3.768527E-04 -5.445239E-05 -3.024028E-04 -3.682104E-04
1.000000E+00 1.000000E+00 3.876000E-03 1.027600E-02 1.185478E+00 6.609300E-01 -1.173470E+00 1.185504E+00 6.609140E-01 -1.173558E+00 -1.143108E-03 -7.676718E-04 4.169478E-03 0.000000E+00 0.000000E+00 0.000000E+00 -1.433076E-01 -7.171433E-01 -6.820312E-01 9.894204E-01 -8.811678E-02 -1.152430E-01 2.254681E-02 -6.913314E-01 7.221856E-01 -1.424601E-01 -7.161944E-01 -6.832058E-01 9.895553E-01 -8.769559E-02 -1.144093E-01 2.202505E-02 -6.923688E-01 7.212074E-01 -1.799465E-04 -2.551337E-04 -8.978409E-05 2.730606E-04 -2.496791E-04 3.768527E-04
-1.000000E+00 1.000000E+00 9.623000E-03 1.026400E-02 1.185478E+00 6.609300E-01 -1.173470E+00 1.185504E+00 6.609140E-01 -1.173558E+00 -1.143108E-03 -7.676718E-04 4.169478E-03 0.000000E+00 0.000000E+00 0.000000E+00 -1.433076E-01 -7.171433E-01 -6.820312E-01 9.894204E-01 -8.811678E-02 -1.152430E-01 2.254681E-02 -6.913314E-01 7.221856E-01 -1.433076E-01 -7.171433E-01 -6.820312E-01 9.894204E-01 -8.811678E-02 -1.152430E-01 2.254681E-02 -6.913314E-01 7.221856E-01 -1.046236E-03 -8.668145E-06 6.256189E-04 -1.799465E-04 -2.551337E-04 -8.978409E-05
1.000000E+00 1.000000E+00 4.188000E-03 1.027000E-02 1.185453E+00 6.609930E-01 -1.173509E+00 1.185504E+00 6.609140E-01 -1.173558E+00 -1.456947E-03 1.864577E-03 6.754231E-04 0.000000E+00 0.000000E+00 0.000000E+00 -1.429615E-01 -7.164384E-01 -6.828456E-01 9.894698E-01 -8.769187E-02 -1.151508E-01 2.261852E-02 -6.921172E-01 7.214307E-01 -1.433076E-01 -7.171433E-01 -6.820312E-01 9.894204E-01 -8.811678E-02 -1.152430E-01 2.254681E-02 -6.913314E-01 7.221856E-01 -1.638556E-03 7.553020E-04 -2.969239E-04 -1.046236E-03 -8.668145E-06 6.256189E-04
1.000000E+00 -1.000000E+00 4.046000E-03 1.027000E-02 1.185458E+00 6.609740E-01 -1.173553E+00 1.185504E+00 6.609140E-01 -1.173558E+00 -6.553890E-04 2.972637E-04 -1.487328E-03 0.000000E+00 0.000000E+00 0.000000E+00 -1.429980E-01 -7.165194E-01 -6.827524E-01 9.894662E-01 -8.779411E-02 -1.151011E-01 2.253036E-02 -6.920199E-01 7.215267E-01 -1.429615E-01 -7.164384E-01 -6.828456E-01 9.894698E-01 -8.769187E-02 -1.151508E-01 2.261852E-02 -6.921172E-01 7.214307E-01 -1.638556E-03 7.553020E-04 -2.969239E-04 -1.638556E-03 7.553020E-04 -2.969239E-04
1.000000E+00 -1.000000E+00 4.400000E-03 1.025700E-02 1.185460E+00 6.609810E-01 -1.173542E+00 1.185504E+00 6.609140E-01 -1.173558E+00 -3.042322E-04 4.763357E-04 -4.139437E-04 0.000000E+00 0.000000E+00 0.000000E+00 -1.429601E-01 -7.165738E-01 -6.827040E-01 9.894709E-01 -8.773683E-02 -1.151083E-01 2.258544E-02 -6.919715E-01 7.215715E-01 -1.429980E-01 -7.165194E-01 -6.827524E-01 9.894662E-01 -8.779411E-02 -1.151011E-01 2.253036E-02 -6.920199E-01 7.215267E-01 -1.203856E-03 -3.140294E-04 -7.136214E-04 -1.203856E-03 -3.140294E-04 -7.136214E-04
1.000000E+00 1.000000E+00 1.311500E-02 1.026100E-02 1.185481E+00 6.610060E-01 -1.173599E+00 1.185504E+00 6.609140E-01 -1.173558E+00 6.208096E-04 1.170500E-03 -2.322925E-03 0.000000E+00 0.000000E+00 0.000000E+00 -1.423177E-01 -7.160889E-01 -6.833462E-01 9.895792E-01 -8.768259E-02 -1.142118E-01 2.186811E-02 -6.924797E-01 7.211058E-01 -1.429601E-01 -7.165738E-01 -6.827040E-01 9.894709E-01 -8.773683E-02 -1.151083E-01 2.258544E-02 -6.919715E-01 7.215715E-01 -2.146068E-04 -6.887813E-04 -9.667745E-04 -2.146068E-04 -6.887813E-04 -9.667745E-04
1.000000E+00 1.000000E+00 4.240000E-03 1.028400E-02 1.185489E+00 6.609960E-01 -1.173597E+00 1.185504E+00 6.609140E-01 -1.173558E+00 8.447678E-04 3.185143E-04 -1.538667E-03 0.000000E+00 0.000000E+00 0.000000E+00 -1.422263E-01 -7.160887E-01 -6.833659E-01 9.895910E-01 -8.756237E-02 -1.142044E-01 2.194343E-02 -6.924956E-01 7.210884E-01 -1.423177E-01 -7.160889E-01 -6.833462E-01 9.895792E-01 -8.768259E-02 -1.142118E-01 2.186811E-02 -6.924797E-01 7.211058E-01 -9.348233E-04 -7.938367E-04 -9.275804E-04 -9.348233E-04 -7.938367E-04 -9.275804E-04
1.000000E+00 1.000000E+00 3.733000E-03 1.026900E-02 1.185516E+00 6.609830E-01 -1.173625E+00 1.185504E+00 6.609140E-01 -1.173558E+00 1.587863E-03 -3.513525E-04 -2.024160E-03 0.000000E+00 0.000000E+00 0.000000E+00 -1.424596E-01 -7.163156E-01 -6.830806E-01 9.895590E-01 -8.779589E-02 -1.143093E-01 2.191038E-02 -6.922324E-01 7.213423E-01 -1.422263E-01 -7.160887E-01 -6.833659E-01 9.895910E-01 -8.756237E-02 -1.142044E-01 2.194343E-02 -6.924956E-01 7.210884E-01 -7.081809E-04 -4.682246E-04 -1.391202E-03 -9.348233E-04 -7.938367E-04 -9.275804E-04
1.000000E+00 1.000000E+00 2.689000E-03 1.026700E-02 1.185511E+00 6.609600E-01 -1.173572E+00 1.185504E+00 6.609140E-01 -1.173558E+00 7.033040E-04 -1.148758E-03 1.024356E-03 0.000000E+00 0.000000E+00 0.000000E+00 -1.425792E-01 -7.161473E-01 -6.832302E-01 9.895408E-01 -8.786662E-02 -1.144015E-01 2.189501E-02 -6.923957E-01 7.211855E-01 -1.424596E-01 -7.163156E-01 -6.830806E-01 9.895590E-01 -8.779589E-02 -1.143093E-01 2.191038E-02 -6.922324E-01 7.213423E-01 -4.741108E-04 1.083736E-03 4.671657E-05 -7.081809E-04 -4.682246E-04 -1.391202E-03
1.000000E+00 1.000000E+00 2.255000E-03 1.026400E-02 1.185509E+00 6.609880E-01 -1.173519E+00 1.185504E+00 6.609140E-01 -1.173558E+00 3.339170E-04 5.166945E-04 2.887385E-03 0.000000E+00 0.000000E+00 0.000000E+00 -1.430153E-01 -7.163026E-01 -6.829767E-01 9.894635E-01 -8.775713E-02 -1.151544E-01 2.254933E-02 -6.922494E-01 7.213060E-01 -1.425792E-01 -7.161473E-01 -6.832302E-01 9.895408E-01 -8.786662E-02 -1.144015E-01 2.189501E-02 -6.923957E-01 7.211855E-01 -4.661750E-04 5.013823E-04 5.279964E-05 -4.741108E-04 1.083736E-03 4.671657E-05
1.000000E+00 1.000000E+00 1.119000E-02 1.028100E-02 1.185469E+00 6.609730E-01 -1.173531E+00 1.185504E+00 6.609140E-01 -1.173558E+00 -1.409269E-03 -3.115961E-04 1.121349E-03 0.000000E+00 0.000000E+00 0.000000E+00 -1.429324E-01 -7.164440E-01 -6.828446E-01 9.894748E-01 -8.772014E-02 -1.150798E-01 2.254856E-02 -6.921067E-01 7.214426E-01 -1.430153E-01 -7.163026E-01 -6.829767E-01 9.894635E-01 -8.775713E-02 -1.151544E-01 2.254933E-02 -6.922494E-01 7.213060E-01 -1.224629E-03 -1.485247E-05 2.050381E-04 -4.661750E-04 5.013823E-04 5.279964E-05
1.000000E+00 1.000000E+00 9.640000E-03 5.251000E-03 1.185479E+00 6.609410E-01 -1.173518E+00 1.185504E+00 6.609140E-01 -1.173558E+00 -4.073422E-04 -1.543381E-03 1.214391E-03 0.000000E+00 0.000000E+00 0.000000E+00 -1.432891E-01 -7.165037E-01 -6.827075E-01 9.894240E-01 -8.801149E-02 -1.152957E-01 2.252334E-02 -6.920082E-01 7.215380E-01 -1.429324E-01 -7.164440E-01 -6.828446E-01 9.894748E-01 -8.772014E-02 -1.150798E-01 2.254856E-02 -6.921067E-01 7.214426E-01 -6.731389E-04 -3.595359E-04 -8.585382E-05 -6.731389E-04 -3.595359E-04 -8.585382E-05
1.000000E+00 1.000000E+00 9.247000E-03 1.026600E-02 1.185521E+00 6.609790E-01 -1.173593E+00 1.185504E+00 6.609140E-01 -1.173558E+00 1.569877E-03 7.148661E-04 -2.510907E-03 0.000000E+00 0.000000E+00 0.000000E+00 -1.424909E-01 -7.163502E-01 -6.830372E-01 9.895551E-01 -8.785538E-02 -1.142943E-01 2.186657E-02 -6.921885E-01 7.213856E-01 -1.432891E-01 -7.165037E-01 -6.827075E-01 9.894240E-01 -8.801149E-02 -1.152957E-01 2.252334E-02 -6.920082E-01 7.215380E-01 3.112195E-04 -5.026964E-04 -4.365375E-04 -6.731389E-04 -3.595359E-04 -8.585382E-05
-1.000000E+00 1.000000E+00 7.379000E-03 1.027200E-02 1.185521E+00 6.609790E-01 -1.173593E+00 1.185504E+00 6.609140E-01 -1.173558E+00 1.569877E-03 7.148661E-04 -2.510907E-03 0.000000E+00 0.000000E+00 0.000000E+00 -1.424909E-01 -7.163502E-01 -6.830372E-01 9.895551E-01 -8.785538E-02 -1.142943E-01 2.186657E-02 -6.921885E-01 7.213856E-01 -1.424909E-01 -7.163502E-01 -6.830372E-01 9.895551E-01 -8.785538E-02 -1.142943E-01 2.186657E-02 -6.921885E-01 7.213856E-01 1.078903E-04 -5.933456E-04 4.178485E-04 3.112195E-04 -5.026964E-04 -4.365375E-04
1.000000E+00 1.000000E+00 1.413200E-02 1.028000E-02 1.185441E+00 6.610160E-01 -1.173534E+00 1.185504E+00 6.609140E-01 -1.173558E+00 -2.075439E-03 1.674395E-03 8.596743E-04 0.000000E+00 0.000000E+00 0.000000E+00 -1.427407E-01 -7.165057E-01 -6.828211E-01 9.895032E-01 -8.758799E-02 -1.149424E-01 2.254997E-02 -6.920606E-01 7.214871E-01 -1.424909E-01 -7.163502E-01 -6.830372E-01 9.895551E-01 -8.785538E-02 -1.142943E-01 2.186657E-02 -6.921885E-01 7.213856E-01 -1.470709E-04 4.119346E-04 -5.577682E-06 1.078903E-04 -5.933456E-04 4.178485E-04
1.000000E+00 1.000000E+00 4.178000E-03 1.028100E-02 1.185472E+00 6.609810E-01 -1.173537E+00 1.185504E+00 6.609140E-01 -1.173558E+00 9.409124E-05 -5.128323E-04 3.914049E-04 0.000000E+00 0.000000E+00 0.000000E+00 -1.429466E-01 -7.165235E-01 -6.827612E-01 9.894738E-01 -8.771480E-02 -1.151089E-01 2.259070E-02 -6.920279E-01 7.215176E-01 -1.427407E-01 -7.165057E-01 -6.828211E-01 9.895032E-01 -8.758799E-02 -1.149424E-01 2.254997E-02 -6.920606E-01 7.214871E-01 -8.446192E-04 8.682989E-04 7.605818E-04 -1.470709E-04 4.119346E-04 -5.577682E-06
1.000000E+00 1.000000E+00 4.247000E-03 1.025800E-02 1.185483E+00 6.609570E-01 -1.173640E+00 1.185504E+00 6.609140E-01 -1.173558E+00 6.099043E-04 -1.542536E-03 -4.834463E-03 0.000000E+00 0.000000E+00 0.000000E+00 -1.425880E-01 -7.164634E-01 -6.828967E-01 9.895399E-01 -8.794186E-02 -1.143504E-01 2.187240E-02 -6.920589E-01 7.215094E-01 -1.425880E-01 -7.164634E-01 -6.828967E-01 9.895399E-01 -8.794186E-02 -1.143504E-01 2.187240E-02 -6.920589E-01 7.215094E-01 -2.272393E-03 5.326773E-04 3.540211E-04 -8.446192E-04 8.682989E-04 7.605818E-04
1.000000E+00 1.000000E+00 4.711000E-03 1.025200E-02 1.185477E+00 6.609550E-01 -1.173554E+00 1.185504E+00 6.609140E-01 -1.173558E+00 9.353225E-05 -8.849092E-04 7.097379E-04 0.000000E+00 0.000000E+00 0.000000E+00 -1.429397E-01 -7.164722E-01 -6.828147E-01 9.894745E-01 -8.772926E-02 -1.150820E-01 2.255020E-02 -6.920775E-01 7.214709E-01 -1.425880E-01 -7.164634E-01 -6.828967E-01 9.895399E-01 -8.794186E-02 -1.143504E-01 2.187240E-02 -6.920589E-01 7.215094E-01 -8.684789E-04 1.150550E-03 7.522449E-04 -2.272393E-03 5.326773E-04 3.540211E-04
1.000000E+00 1.000000E+00 5.740000E-03 1.026700E-02 1.185506E+00 6.610160E-01 -1.173581E+00 1.185504E+00 6.609140E-01 -1.173558E+00 1.446858E-03 2.325459E-03 -8.181951E-04 0.000000E+00 0.000000E+00 0.000000E+00 -1.423373E-01 -7.158628E-01 -6.835795E-01 9.895776E-01 -8.768528E-02 -1.142269E-01 2.183102E-02 -6.927136E-01 7.208824E-01 -1.423373E-01 -7.158628E-01 -6.835795E-01 9.895776E-01 -8.768528E-02 -1.142269E-01 2.183102E-02 -6.927136E-01 7.208824E-01 -7.312018E-04 6.475542E-04 -7.427153E-04 -8.684789E-04 1.150550E-03 7.522449E-04
